0.0 6.418476861114167e-17 7.875644580934662e-16 -1.0234868508263157e-16 7.476658181460012e-16 
0.001 -1.2471637438060635e-10 -1.3704705946471164e-10 -1.5030290033413062e-10 -1.5518289431248682e-10 
0.002 -6.218429430236683e-10 -6.833426186014764e-10 -7.494484945830261e-10 -7.737884621244849e-10 
0.003 -1.7366165933670826e-09 -1.9083849587403397e-09 -2.0930150789605205e-09 -2.1609974469594246e-09 
0.004 -3.711846696815503e-09 -4.079004757226424e-09 -4.473649546296583e-09 -4.618963142521954e-09 
0.005 -6.787943640984193e-09 -7.459394765936505e-09 -8.181107348861789e-09 -8.446853000040787e-09 
0.006 -1.1202946745411282e-08 -1.2311140335473293e-08 -1.350228012036983e-08 -1.3940877431617415e-08 
0.007 -1.719255162107436e-08 -1.889324913011129e-08 -2.0721227154268774e-08 -2.1394320781978043e-08 
0.008 -2.4990136949804627e-08 -2.7462180276355116e-08 -3.011921331438894e-08 -3.109758055230851e-08 
0.009 -3.482679073081574e-08 -3.82718727720726e-08 -4.197473113184943e-08 -4.3338192865122946e-08 
0.01 -4.693133600925503e-08 -5.157377344329799e-08 -5.656353803049052e-08 -5.8400866090151455e-08 
0.011 -6.153035611404493e-08 -6.761686445076617e-08 -7.415868242058307e-08 -7.65675102036572e-08 
0.012 -7.884821945098426e-08 -8.664769021119553e-08 -9.503053365056354e-08 -9.811726956170694e-08 
0.013 -9.910710376502505e-08 -1.0891038381192097e-07 -1.194468094434238e-07 -1.2332654734025724e-07 
0.014 -1.2252702013756907e-07 -1.3464669302784488e-07 -1.476726073645898e-07 -1.5246903931758955e-07 
0.015 -1.4932583636099958e-07 -1.6409600586296114e-07 -1.7997042814007837e-07 -1.858157585893557e-07 
0.016 -1.7971930016576146e-07 -1.974953756922461e-07 -2.1660020659702831e-07 -2.2363506595278014e-07 
0.017 -2.1392106180385884e-07 -2.3507954601594585e-07 -2.5781933501132736e-07 -2.661926965407519e-07 
0.018 -2.5214269658638187e-07 -2.7708097477107376e-07 -3.03882693642244e-07 -3.1375178695435227e-07 
0.019 -2.945937267670442e-07 -3.237298584106762e-07 -3.5504267174163445e-07 -3.665729018599761e-07 
0.02 -3.414816433580648e-07 -3.7525415536206033e-07 -4.115491969002641e-07 -4.2491406077948844e-07 
0.021 -3.93011927474206e-07 -4.3187960976041693e-07 -4.7364976037480857e-07 -4.890307636765405e-07 
0.022 -4.4938807153282885e-07 -4.938297739429781e-07 -5.415894374699203e-07 -5.591760163384676e-07 
0.023 -5.108116000809834e-07 -5.613260315520644e-07 -6.156109195569432e-07 -6.356003575333417e-07 
0.024 -5.774820902790227e-07 -6.345876198115383e-07 -6.959545313213871e-07 -7.185518805952813e-07 
0.025 -6.495971922731974e-07 -7.138316516722815e-07 -7.828582596399545e-07 -8.082762616738393e-07 
0.026 -7.273526492976282e-07 -7.992731376332787e-07 -8.765577740954817e-07 -9.050167823140683e-07 
0.027 -8.109423175368925e-07 -8.911250077795569e-07 -9.772864530254483e-07 -1.0090143548313103e-06 
0.028 -9.005581857769709e-07 -9.89598132829571e-07 -1.085275405039537e-06 -1.1205075421266532e-06 
0.029 -9.96390394612104e-07 -1.0949013455469006e-06 -1.2007534931483284e-06 -1.2397325905299862e-06 
0.03 -1.0986272561304386e-06 -1.2072414613487694e-06 -1.323947356625776e-06 -1.3669234413104223e-06 
0.031 -1.2074552724512772e-06 -1.3268232995564063e-06 -1.4550814344743218e-06 -1.5023117656293787e-06 
0.032 -1.3230591550013297e-06 -1.453849704353966e-06 -1.5943779871790444e-06 -1.6461269797783402e-06 
0.033 -1.4456218429131892e-06 -1.5885215640214153e-06 -1.742057119414108e-06 -1.7985962676922406e-06 
0.034 -1.5753245218852427e-06 -1.7310378323323512e-06 -1.8983368016678864e-06 -1.9599446087446437e-06 
0.035 -1.7123466421881088e-06 -1.881595547998513e-06 -2.0634328923947304e-06 -2.130394800004673e-06 
0.036 -1.8568659372573919e-06 -2.040389855292165e-06 -2.2375591598577184e-06 -2.3101674750859935e-06 
0.037 -2.009058441589102e-06 -2.207614023037863e-06 -2.4209273028338613e-06 -2.499481122285617e-06 
0.038 -2.169098508891794e-06 -2.383459464894838e-06 -2.6137469741009036e-06 -2.6985521236859217e-06 
0.039 -2.337158829860542e-06 -2.5681157588136503e-06 -2.8162257978171603e-06 -2.9075947538970636e-06 
0.04 -2.513410449787862e-06 -2.761770666232638e-06 -3.0285693963082705e-06 -3.1268212204865766e-06 
0.041 -2.698022786597885e-06 -2.9646101514374405e-06 -3.2509814051652443e-06 -3.356441674656368e-06 
0.042 -2.8911636479229876e-06 -3.176818401291732e-06 -3.483663499514301e-06 -3.5966642421922497e-06 
0.043 -3.092999249058168e-06 -3.3985778437606184e-06 -3.7268154093640564e-06 -3.847695032361003e-06 
0.044 -3.3036942297288883e-06 -3.6300691667878587e-06 -3.980634947794642e-06 -4.109738172681349e-06 
0.045 -3.5234116720905724e-06 -3.871471338248707e-06 -4.245318022403494e-06 -4.382995820851744e-06 
0.046 -3.7523131171841743e-06 -4.122961623987516e-06 -4.521058663607294e-06 -4.66766819067455e-06 
0.047 -3.9905585826928326e-06 -4.384715606577084e-06 -4.808049041959988e-06 -4.963953571783321e-06 
0.048 -4.238306579654174e-06 -4.656907204404048e-06 -5.106479487457936e-06 -5.272048348828134e-06 
0.049 -4.495714129488364e-06 -4.939708690074296e-06 -5.416538513632373e-06 -5.592147026537212e-06 
0.05 -4.762936781133726e-06 -5.233290709345787e-06 -5.738412833300474e-06 -5.9244422474641165e-06 
0.051 -5.040128627814542e-06 -5.53782229944716e-06 -6.072287381513759e-06 -6.269124813766754e-06 
0.052 -5.327442323808925e-06 -5.85347090734792e-06 -6.4183453367689434e-06 -6.626383708006816e-06 
0.053 -5.625029101435212e-06 -6.180402408694613e-06 -6.776768139336906e-06 -6.996406114623064e-06 
0.054 -5.933038787628973e-06 -6.518781126129526e-06 -7.14773551042593e-06 -7.379377439935157e-06 
0.055 -6.2516198208704796e-06 -6.868769847047346e-06 -7.5314254745165566e-06 -7.775481333111897e-06 
0.056 -6.580919267560447e-06 -7.2305298431246345e-06 -7.928014379146207e-06 -8.184899706773952e-06 
0.057 -6.921082839173013e-06 -7.604220887524851e-06 -8.337676912682792e-06 -8.607812758023691e-06 
0.058 -7.2722549084615145e-06 -7.990001273812007e-06 -8.760586129745443e-06 -9.044398988431595e-06 
0.059 -7.634578526153465e-06 -8.388027834097638e-06 -9.196913461923643e-06 -9.494835225588733e-06 
0.06 -8.008195437735738e-06 -8.798455957094053e-06 -9.646828749881494e-06 -9.959296642994344e-06 
0.061 -8.393246099889346e-06 -9.221439607119995e-06 -1.011050025160994e-05 -1.043795678119168e-05 
0.062 -8.789869697111545e-06 -9.65713134118413e-06 -1.0588094670532428e-05 -1.0930987566953674e-05 
0.063 -9.198204158289401e-06 -1.0105682328242322e-05 -1.1079777170894222e-05 -1.143855933744843e-05 
0.064 -9.618386173144947e-06 -1.0567242366948897e-05 -1.1585711401715e-05 -1.1960840856721585e-05 
0.065 -1.0050551209058564e-05 -1.1041959903980724e-05 -1.2106059511416181e-05 -1.2497999336998655e-05 
0.066 -1.0494833527163701e-05 -1.1529982052378309e-05 -1.264098217470558e-05 -1.3050200466132029e-05 
0.067 -1.0951366199492939e-05 -1.2031454609786409e-05 -1.3190638606072226e-05 -1.3617608413633981e-05 
0.068 -1.142028112504491e-05 -1.254652207652476e-05 -1.3755186583955473e-05 -1.4200385867668218e-05 
0.069 -1.1901709046548793e-05 -1.3075327674183263e-05 -1.4334782468271842e-05 -1.4798694046032346e-05 
0.07 -1.2395779567065485e-05 -1.3618013363671166e-05 -1.4929581222861817e-05 -1.5412692718324533e-05 
0.071 -1.2902621166571658e-05 -1.4174719863674306e-05 -1.5539736433343992e-05 -1.6042540227967263e-05 
0.072 -1.3422361218456914e-05 -1.4745586668893116e-05 -1.6165400330230007e-05 -1.6688393512504327e-05 
0.073 -1.3955126006310762e-05 -1.533075206847779e-05 -1.6806723804200035e-05 -1.7350408127673297e-05 
0.074 -1.4501040740397213e-05 -1.593035316437348e-05 -1.7463856431848693e-05 -1.8028738259718272e-05 
0.075 -1.5060229574533701e-05 -1.6544525889736695e-05 -1.8136946491619652e-05 -1.87235367535344e-05 
0.076 -1.5632815622520656e-05 -1.7173405027428578e-05 -1.8826140986414308e-05 -1.9434955135474314e-05 
0.077 -1.62189209750411e-05 -1.7817124228444144e-05 -1.9531585663206882e-05 -2.0163143622910555e-05 
0.078 -1.681866671636092e-05 -1.8475816030448013e-05 -2.025342503324402e-05 -2.0908251162689578e-05 
0.079 -1.7432172941053285e-05 -1.9149611876350947e-05 -2.099180239265727e-05 -2.167042543208958e-05 
0.08 -1.8059558770900095e-05 -1.983864213286228e-05 -2.1746859842827593e-05 -2.2449812878117934e-05 
0.081 -1.8700942371623326e-05 -2.0543036109202823e-05 -2.2518738310857198e-05 -2.324655872536487e-05 
0.082 -1.9356440969823833e-05 -2.126292207572056e-05 -2.3307577570112602e-05 -2.4060807007207004e-05 
0.083 -2.0026170869918215e-05 -2.1998427282672343e-05 -2.411351626097297e-05 -2.4892700579690284e-05 
0.084 -2.071024747107236e-05 -2.2749677978973915e-05 -2.4936691911798364e-05 -2.574238114616699e-05 
0.085 -2.140878528415673e-05 -2.3516799431131766e-05 -2.577724095801056e-05 -2.6609989277870125e-05 
0.086 -2.2121897948888724e-05 -2.4299915941942205e-05 -2.663529876537692e-05 -2.7495664437060557e-05 
0.087 -2.2849698250827405e-05 -2.5099150869662786e-05 -2.7510999649375104e-05 -2.8399544994279747e-05 
0.088 -2.3592298138603795e-05 -2.5914626646987792e-05 -2.8404476895696244e-05 -2.9321768257903718e-05 
0.089 -2.434980874104983e-05 -2.6746464799871498e-05 -2.931586278260735e-05 -3.0262470486847137e-05 
0.09 -2.5122340384475737e-05 -2.759478596716855e-05 -3.0245288601613073e-05 -3.122178691586042e-05 
0.091 -2.5910002609972308e-05 -2.845970991922027e-05 -3.119288467726826e-05 -3.219985178334833e-05 
0.092 -2.67129041907578e-05 -2.934135557771863e-05 -3.2158780390544517e-05 -3.319679834149832e-05 
0.093 -2.7531153149606838e-05 -3.023984103455918e-05 -3.3143104199046666e-05 -3.4212758888962946e-05 
0.094 -2.836485677632915e-05 -3.11552835714732e-05 -3.414598365736839e-05 -3.5247864786051013e-05 
0.095 -2.921412164531356e-05 -3.2087799679763326e-05 -3.516754544053369e-05 -3.630224648144692e-05 
0.096 -3.007905363313527e-05 -3.303750507970329e-05 -3.62079153652088e-05 -3.7376033531839255e-05 
0.097 -3.09597579362385e-05 -3.400451473968369e-05 -3.726721841071194e-05 -3.846935462559493e-05 
0.098 -3.185633908867567e-05 -3.498894289692675e-05 -3.8345578738899414e-05 -3.958233760407955e-05 
0.099 -3.2768900979932766e-05 -3.599090307657135e-05 -3.944311972138388e-05 -4.071510948617562e-05 
0.1 -3.369754687283429e-05 -3.7010508111643357e-05 -4.0559963956271354e-05 -4.186779648920869e-05 
0.101 -3.4642379421480736e-05 -3.8047870163787464e-05 -4.16962332929589e-05 -4.304052405162015e-05 
0.102 -3.560350068934962e-05 -3.910310074204167e-05 -4.285204885351797e-05 -4.423341685773066e-05 
0.103 -3.658101216737544e-05 -4.017631072460151e-05 -4.402753105564064e-05 -4.54465988607009e-05 
0.104 -3.757501479218622e-05 -4.1267610377978246e-05 -4.522279963190297e-05 -4.668019330235411e-05 
0.105 -3.858560896440551e-05 -4.2377109377662646e-05 -4.643797365844413e-05 -4.7934322742050525e-05 
0.106 -3.961289456703451e-05 -4.350491682891446e-05 -4.767317157077463e-05 -4.9209109071431136e-05 
0.107 -4.065697098393725e-05 -4.4651141287040596e-05 -4.892851119327734e-05 -5.050467355221338e-05 
0.108 -4.171793711843495e-05 -4.5815890778614974e-05 -5.020410975623689e-05 -5.182113682194688e-05 
0.109 -4.279589141188166e-05 -4.6999272821410085e-05 -5.1500083922179513e-05 -5.315861893188253e-05 
0.11 -4.3890931862579575e-05 -4.8201394446400125e-05 -5.281654980779034e-05 -5.451723936982487e-05 
0.111 -4.500315604452095e-05 -4.942236221816187e-05 -5.415362300752855e-05 -5.589711707122347e-05 
0.112 -4.6132661126386944e-05 -5.066228225649219e-05 -5.551141861814859e-05 -5.72983704598155e-05 
0.113 -4.727954389067272e-05 -5.192126025692335e-05 -5.689005126196884e-05 -5.872111746395141e-05 
0.114 -4.844390075285632e-05 -5.319940151350658e-05 -5.828963510670104e-05 -6.016547553767684e-05 
0.115 -4.962582778068171e-05 -5.4496810939066754e-05 -5.9710283896263495e-05 -6.163156169874378e-05 
0.116 -5.0825420713506434e-05 -5.58135930879102e-05 -6.115211096862313e-05 -6.311949253650372e-05 
0.117 -5.204277498204582e-05 -5.714985217725846e-05 -6.261522928420784e-05 -6.462938424807895e-05 
0.118 -5.3277985727791795e-05 -5.850569210906463e-05 -6.409975144784985e-05 -6.616135266208591e-05 
0.119 -5.453114782287188e-05 -5.9881216492658e-05 -6.560578973476568e-05 -6.771551325631207e-05 
0.12 -5.580235589004014e-05 -6.1276528666807e-05 -6.713345611412621e-05 -6.929198120251957e-05 
0.121 -5.70917043226231e-05 -6.269173172199185e-05 -6.86828622749099e-05 -7.089087136630739e-05 
0.122 -5.839928730471526e-05 -6.412692852333545e-05 -7.02541196506816e-05 -7.251229835081083e-05 
0.123 -5.972519883148939e-05 -6.558222173334476e-05 -7.184733944359683e-05 -7.415637652192646e-05 
0.124 -6.106953272962801e-05 -6.705771383481971e-05 -7.346263265342106e-05 -7.582322002470674e-05 
0.125 -6.243238267795976e-05 -6.855350715378639e-05 -7.510011009836747e-05 -7.751294282131197e-05 
0.126 -6.381384222815447e-05 -7.006970388297313e-05 -7.675988244471389e-05 -7.922565870750491e-05 
0.127 -6.521400482573088e-05 -7.16064061055743e-05 -7.844206023151996e-05 -8.096148134879454e-05 
0.128 -6.663296383091129e-05 -7.316371581856671e-05 -8.014675389630583e-05 -8.272052430211189e-05 
0.129 -6.807081254004198e-05 -7.47417349564926e-05 -8.187407380285452e-05 -8.450290104378089e-05 
0.13 -6.952764420682643e-05 -7.634056541556072e-05 -8.362413026744251e-05 -8.630872499993528e-05 
0.131 -7.100355206383207e-05 -7.796030907834785e-05 -8.539703358465874e-05 -8.813810957027557e-05 
0.132 -7.249862934449372e-05 -7.960106783755842e-05 -8.71928940565534e-05 -8.999116816210462e-05 
0.133 -7.401296930466592e-05 -8.12629436214275e-05 -8.90118220186935e-05 -9.186801421222028e-05 
0.134 -7.554666524490342e-05 -8.294603841790077e-05 -9.085392786809874e-05 -9.376876121903182e-05 
0.135 -7.709981053271083e-05 -8.465045430021551e-05 -9.271932209147767e-05 -9.5693522770994e-05 
0.136 -7.867249862470917e-05 -8.637629345197847e-05 -9.460811529334591e-05 -9.764241257729229e-05 
0.137 -8.026482308983228e-05 -8.81236581929692e-05 -9.652041822393312e-05 -9.96155444930786e-05 
0.138 -8.187687763164235e-05 -8.989265100458174e-05 -9.845634180895077e-05 -0.0001016130325550895 
0.139 -8.350875611170034e-05 -9.168337455628536e-05 -0.00010041599717773442 -0.00010363499100603921 
0.14 -8.516055257270351e-05 -9.349593173158547e-05 -0.00010239949569242766 -0.0001056815343290842 
0.141 -8.683236126206028e-05 -9.533042565473867e-05 -0.0001044069489781569 -0.00010775277727627776 
0.142 -8.85242766554063e-05 -9.718695971749074e-05 -0.00010643846895291155 -0.00010984883490027458 
0.143 -9.023639348066504e-05 -9.906563760618851e-05 -0.00010849416785729555 -0.00011196982258586521 
0.144 -9.196880674224702e-05 -0.00010096656332913518 -0.00011057415828536207 -0.0001141158560808597 
0.145 -9.372161174547156e-05 -0.00010288984124425238 -0.0001126785532156542 -0.0001162870515286981 
0.146 -9.549490412086286e-05 -0.0001048355760869086 -0.00011480746604071076 -0.00011848352550000729 
0.147 -9.728877984951211e-05 -0.00010680387299827202 -0.0001169610106019295 -0.00012070539502711615 
0.148 -9.91033352879497e-05 -0.00010879483755375996 -0.00011913930121722552 -0.00012295277763482552 
0.149 -0.00010093866719355198 -0.00011080857579190421 -0.00012134245271846686 -0.00012522579137475115 
0.15 -0.00010279487275052425 -0.00011284519424349539 -0.00012357058047749754 -0.00012752455485975868 
0.151 -0.00010467204959525138 -0.00011490479996110193 -0.00012582380044527232 -0.00012984918729616192 
0.152 -0.00010657029584315557 -0.00011698750054886485 -0.00012810222918146425 -0.0001321998085220631 
0.153 -0.00010848971011484496 -0.00011909340419267757 -0.00013040598388861348 -0.0001345765390366801 
0.154 -0.0001104303915630959 -0.00012122261969076722 -0.00013273518244946491 -0.00013697950004308386 
0.155 -0.00011239243990008422 -0.00012337525648444713 -0.00013508994345697172 -0.00013940881347746157 
0.156 -0.00011437595542432962 -0.00012555142468953184 -0.00013747038625176576 -0.0001418646020463733 
0.157 -0.00011638103904911658 -0.00012775123512778517 -0.00013987663095725713 -0.00014434698926969362 
0.158 -0.00011840779233015355 -0.00012997479935919425 -0.00014230879851543106 -0.0001468560995134465 
0.159 -0.0001204563174940565 -0.00013222222971416176 -0.0001447670107234154 -0.0001493920580199954 
0.16 -0.00012252671746726716 -0.00013449363932647432 -0.0001472513902731393 -0.0001519549909596236 
0.161 -0.0001246190959049568 -0.00013678914216665812 -0.00014976206077807532 -0.000154545025465945 
0.162 -0.00012673355722076272 -0.00013910885307530133 -0.00015229914682560113 -0.00015716228966780105 
0.163 -0.00012887020661635543 -0.0001414528877975158 -0.00015486277400476858 -0.00015980691273323014 
0.164 -0.0001310291501118718 -0.0001438213630175397 -0.00015745306895054918 -0.00016247902491303665 
0.165 -0.00013321049457645407 -0.00014621439639359132 -0.00016007015938044217 -0.00016517875757964505 
0.166 -0.00013541434775923814 -0.0001486321065934809 -0.00016271417413436928 -0.00016790624326491115 
0.167 -0.00013764081832086354 -0.00015107461333066288 -0.00016538524321859142 -0.00017066161570906594 
0.168 -0.00013989001586527588 -0.00015354203740047042 -0.00016808349784089248 -0.00017344500989161977 
0.169 -0.00014216205097192559 -0.0001560345007178185 -0.0001708090704580652 -0.0001762565620942454 
0.17 -0.00014445703522860672 -0.00015855212635378375 -0.00017356209481483016 -0.00017909640992230352 
0.171 -0.00014677508126453994 -0.00016109503857470036 -0.00017634270598592623 -0.0001819646923652925 
0.172 -0.00014911630278400701 -0.0001636633628799559 -0.00017915104042525503 -0.0001848615498361208 
0.173 -0.00015148081460043776 -0.00016625722604185248 -0.00018198723600100242 -0.00018778712421483728 
0.174 -0.0001538687326710359 -0.00016887675614480607 -0.0001848514320490165 -0.00019074155890507608 
0.175 -0.00015628017413178667 -0.00017152208262618507 -0.00018774376941391868 -0.0001937249988653362 
0.176 -0.0001587152573331215 -0.00017419333631727506 -0.00019066439049577396 -0.00019673759067199753 
0.177 -0.0001611741018760368 -0.0001768906494844906 -0.00019361343929738843 -0.00019977948255831636 
0.178 -0.00016365682864857714 -0.00017961415587220488 -0.00019659106147278663 -0.0002028508244755089 
0.179 -0.00016616355986321654 -0.0001823639907451812 -0.0001995974043739426 -0.00020595176812594488 
0.18 -0.00016869441909457151 -0.00018514029093240992 -0.0002026326171025017 -0.00020908246702908595 
0.181 -0.00017124953131766125 -0.00018794319487145793 -0.00020569685055801058 -0.00021224307656867927 
0.182 -0.00017382902294688213 -0.00019077284265332006 -0.00020879025748740738 -0.00021543375404350898 
0.183 -0.00017643302187558897 -0.00019362937606811072 -0.00021191299254056463 -0.00021865465872405063 
0.184 -0.00017906165751610824 -0.00019651293865175545 -0.00021506521232037077 -0.0002219059519073346 
0.185 -0.00018171506084063707 -0.00019942367573288965 -0.0002182470754366201 -0.00022518779697071326 
0.186 -0.00018439336442264403 -0.00020236173448118838 -0.00022145874255885913 -0.00022850035942747828 
0.187 -0.0001870967024789986 -0.00020532726395631253 -0.00022470037647544315 -0.0002318438069889027 
0.188 -0.00018982521091272171 -0.00020832041515684362 -0.0002279721421463418 -0.00023521830961892117 
0.189 -0.00019257902735651824 -0.00021134134107148283 -0.00023127420676158613 -0.00023862403959475125 
0.19 -0.00019535829121695853 -0.00021439019673036904 -0.0002346067397997778 -0.00024206117156828 
0.191 -0.00019816314371946757 -0.0002174671392570866 -0.00023796991308743255 -0.00024552988262704917 
0.192 -0.0002009937279540159 -0.00022057232792177092 -0.0002413639008584772 -0.00024903035235622966 
0.193 -0.0002038501889216236 -0.00022370592419543897 -0.00024478887981657844 -0.00025256276290679537 
0.194 -0.0002067326735816199 -0.00022686809180492168 -0.00024824502919728 -0.0002561272990537712 
0.195 -0.00020964133089976188 -0.0002300589967889612 -0.0002517325308316652 -0.0002597241482691945 
0.196 -0.0002125763118971856 -0.0002332788075557522 -0.00025525156921166946 -0.00026335350078474806 
0.197 -0.00021553776970017555 -0.0002365276949397059 -0.0002588023315560338 -0.0002670155496647508 
0.198 -0.0002185258595908598 -0.0002398058322624396 -0.0002623850078764047 -0.00027071049087487706 
0.199 -0.00022154073905878246 -0.00024311339539133468 -0.0002659997910484849 -0.00027443852334979786 
0.2 -0.00022458256785344084 -0.0002464505628022144 -0.0002696468768793296 -0.0002781998490737491 
0.201 -0.00022765150803766022 -0.0002498175156410283 -0.00027332646418034933 -0.0002819946731481674 
0.202 -0.00023074772404213195 -0.00025321443778801984 -0.00027703875483923795 -0.00028582320387036616 
0.203 -0.00023387138272078746 -0.0002566415159227827 -0.0002807839538929653 -0.0002896856528080164 
0.204 -0.00023702265340721197 -0.00026009893958967636 -0.00028456226960741905 -0.0002935822348859835 
0.205 -0.00024020170797227109 -0.0002635869012661314 -0.00028837391354773716 -0.00029751316845093165 
0.206 -0.0002434087208825923 -0.000267105596430973 -0.00029221910066281156 -0.00030147867537489977 
0.207 -0.00024664386926026853 -0.00027065522363444133 -0.0002960980493618962 -0.00030547898111501224 
0.208 -0.00024990733294374273 -0.0002742359845702881 -0.0003000109815983312 -0.00030951431481998436 
0.209 -0.00025319929454977076 -0.00027784808414769324 -0.00030395812295023843 -0.0003135849094076381 
0.21 -0.0002565199395365755 -0.0002814917305664672 -0.00030793970271081165 -0.0003176910016428684 
0.211 -0.00025986945626835673 -0.00028516713539268487 -0.0003119559539672836 -0.0003218328322502716 
0.212 -0.00026324803608082566 -0.0002888745136355301 -0.00031600711369639587 -0.0003260106459923883 
0.213 -0.0002666558733483174 -0.0002926140838272824 -0.0003200934228526561 -0.0003302246917660841 
0.214 -0.00027009316555201996 -0.00029638606810287625 -0.0003242151264584905 -0.0003344752227006821 
0.215 -0.000273560113349557 -0.00030019069228283006 -0.00032837247370202976 -0.00033876249625814617 
0.216 -0.0002770569206461896 -0.00030402818595671457 -0.00033256571803125506 -0.0003430867743260123 
0.217 -0.000280583794667162 -0.000307898782569396 -0.00033679511725174605 -0.00034744832332859603 
0.218 -0.0002841409460317664 -0.00031180271950794494 -0.0003410609336298508 -0.000351847414334497 
0.219 -0.00028772858882881726 -0.0003157402381912032 -0.0003453634339916137 -0.0003562843231455074 
0.22 -0.0002913469406934281 -0.00031971158416135907 -0.0003497028898318613 -0.00036075933043116067 
0.221 -0.00029499622288608405 -0.00032371700717655666 -0.00035407957741778945 -0.0003652727218196827 
0.222 -0.0002986766603723488 -0.0003277567613065034 -0.000358493777899415 -0.00036982478802296013 
0.223 -0.0003023884819052513 -0.00033183110502973067 -0.0003629457774229766 -0.0003744158249589991 
0.224 -0.0003061319201087255 -0.000335940301332704 -0.0003674358672421557 -0.00037904613385222544 
0.225 -0.0003099072115631165 -0.0003400846178115478 -0.00037196434384025257 -0.0003837160213765767 
0.226 -0.00031371459689234847 -0.0003442643267759043 -0.00037653150904370025 -0.0003884257997675129 
0.227 -0.00031755432085299 -0.00034847970535482566 -0.00038113767014889594 -0.0003931757869563691 
0.228 -0.00032142663242557223 -0.00035273103560539803 -0.0003857831400444557 -0.00039796630669479806 
0.229 -0.0003253317849073202 -0.00035701860462353414 -0.00039046823734052597 -0.0004027976886979107 
0.23 -0.0003292700360072754 -0.0003613427046573855 -0.0003951932864999928 -0.0004076702687729951 
0.231 -0.00033324164794347 -0.0003657036332232091 -0.00039995861797161307 -0.0004125843889638453 
0.232 -0.00033724688754219764 -0.0003701016932240704 -0.00040476456832792753 -0.00041754039768972267 
0.233 -0.0003412860263394083 -0.00037453719307105397 -0.0004096114804028859 -0.00042253864990026574 
0.234 -0.0003453593406843787 -0.00037901044680739386 -0.0004144997034395313 -0.00042757950721607706 
0.235 -0.0003494671118460893 -0.00038352177423534966 -0.000419429593232037 -0.00043266333809119443 
0.236 -0.00035360962612121044 -0.00038807150104630447 -0.00042440151228128063 -0.0004377905179631524 
0.237 -0.0003577871749453608 -0.00039265995895344585 -0.0004294158299460819 -0.00044296142942077424 
0.238 -0.0003620000550063258 -0.0003972874858281949 -0.00043447292259869496 -0.0004481764623635847 
0.239 -0.0003662485683602009 -0.00040195442583919447 -0.0004395731737916022 -0.0004534360141749748 
0.24 -0.00037053302255012294 -0.0004066611295950214 -0.0004447169744179221 -0.0004587404898934144 
0.241 -0.00037485373072739875 -0.00041140795429030934 -0.0004499047228847139 -0.00046409030239047167 
0.242 -0.00037921101177620795 -0.0004161952638551893 -0.00045513682528346405 -0.0004694858725545269 
0.243 -0.00038360519044045586 -0.00042102342910833765 -0.0004604136955693787 -0.00047492762947338405 
0.244 -0.0003880365974540376 -0.000425892827913853 -0.0004657357557449163 -0.00048041601062949425 
0.245 -0.0003925055696741862 -0.0004308038453420586 -0.00047110343604475044 -0.0004859514620921279 
0.246 -0.0003970124502176486 -0.00043575687383408504 -0.0004765171751262654 -0.0004915344387203969 
0.247 -0.00040155758860041383 -0.0004407523133703865 -0.0004819774202709658 -0.0004971654043689117 
0.248 -0.0004061413408809874 -0.00044579057164362556 -0.00048748462757820365 -0.0005028448320973989 
0.249 -0.00041076406980627137 -0.0004508720642358895 -0.0004930392621784308 -0.0005085732043909214 
0.25 -0.0004154261449621658 -0.00045599721480036936 -0.0004986417984411937 -0.0005143510133751348 
0.251 -0.00042012794292684203 -0.0004611664552470753 -0.0005042927201930203 -0.0005201787610506013 
0.252 -0.0004248698474283391 -0.0004663802259343193 -0.0005099925209404021 -0.0005260569595237284 
0.253 -0.0004296522495057298 -0.00047163897586362 -0.0005157417040970005 -0.0005319861312473852 
0.254 -0.00043447554767447037 -0.0004769431628811048 -0.0005215407832203093 -0.0005379668092632398 
0.255 -0.00043934014809583944 -0.0004822932538828331 -0.0005273902822504751 -0.0005439995374594881 
0.256 -0.000444246464750357 -0.00048768972502628545 -0.0005332907357572589 -0.0005500848708282195 
0.257 -0.0004491949196159651 -0.0004931330619465384 -0.0005392426891947023 -0.00055622337572999 
0.258 -0.0004541859428502886 -0.0004986237599789476 -0.0005452466991589733 -0.0005624156301661024 
0.259 -0.00045921997297790893 -0.0005041623243867956 -0.0005513033336574481 -0.0005686622240636739 
0.26 -0.00046429745708208476 -0.000509749270595412 -0.0005574131723825227 -0.0005749637595601411 
0.261 -0.0004694188510014162 -0.0005153851244327417 -0.0005635768069919183 -0.0005813208512988103 
0.262 -0.0004745846195319589 -0.0005210704223750337 -0.0005697948414000757 -0.0005877341267302232 
0.263 -0.0004797952366337682 -0.0005268057118013244 -0.0005760678920730193 -0.0005942042264366173 
0.264 -0.0004850511856437142 -0.0005325915512520403 -0.0005823965883351218 -0.0006007318044359115 
0.265 -0.0004903529594932534 -0.0005384285106968842 -0.0005887815726818135 -0.0006073175285225957 
0.266 -0.0004957010609319933 -0.0005443171718082088 -0.0005952235011022047 -0.0006139620806023832 
0.267 -0.0005010960027574708 -0.0005502581282434084 -0.000601723043410095 -0.0006206661570411336 
0.268 -0.0005065383080503759 -0.0005562519859334881 -0.0006082808835856426 -0.0006274304690179322 
0.269 -0.0005120285104168108 -0.0005622993633807982 -0.0006148977201218158 -0.0006342557429088912 
0.27 -0.0005175671542363736 -0.0005684008919642764 -0.0006215742663887658 -0.0006411427206421726 
0.271 -0.0005231547949172147 -0.0005745572162531432 -0.0006283112510006404 -0.0006480921601090768 
0.272 -0.0005287919991580292 -0.0005807689943298127 -0.0006351094181962606 -0.0006551048355512812 
0.273 -0.0005344793452168141 -0.0005870368981214009 -0.0006419695282316736 -0.0006621815379705047 
0.274 -0.0005402174231872896 -0.0005933616137406109 -0.0006488923577821575 -0.0006693230755688346 
0.275 -0.0005460068352827333 -0.0005997438418365668 -0.0006558787003568866 -0.0006765302741645109 
0.276 -0.000551848196127644 -0.0006061842979549012 -0.0006629293667213333 -0.0006838039776523964 
0.277 -0.0005577421330573632 -0.0006126837129088605 -0.0006700451853436826 -0.000691145048460548 
0.278 -0.0005636892864262182 -0.0006192428331611694 -0.0006772270028367407 -0.0006985543680343815 
0.279 -0.0005696903099239242 -0.0006258624212151538 -0.0006844756844297114 -0.0007060328373085578 
0.28 -0.0005757458709011899 -0.000632543256019954 -0.0006917921144438407 -0.0007135813772298646 
0.281 -0.0005818566507043446 -0.000639286133384824 -0.0006991771967826448 -0.0007212009292643424 
0.282 -0.0005880233450192889 -0.0006460918664072798 -0.0007066318554429196 -0.0007288924559339504 
0.283 -0.000594246664225398 -0.0006529612859134856 -0.0007141570350346159 -0.0007366569413695684 
0.284 -0.0006005273337594587 -0.0006598952409105886 -0.000721753701318389 -0.0007444953918734778 
0.285 -0.0006068660944899616 -0.0006668945990533335 -0.0007294228417645974 -0.0007524088365072509 
0.286 -0.0006132637031022298 -0.0006739602471254526 -0.0007371654661143701 -0.0007603983276917553 
0.287 -0.0006197209324947449 -0.0006810930915327744 -0.0007449826069799831 -0.0007684649418284343 
0.288 -0.0006262385721867637 -0.0006882940588139245 -0.0007528753204410256 -0.0007766097799415836 
0.289 -0.0006328174287382361 -0.000695564096164734 -0.000760844686676994 -0.0007848339683321371 
0.29 -0.0006394583261813665 -0.0007029041719790348 -0.0007688918106062131 -0.0007931386592591415 
0.291 -0.0006461621064656366 -0.0007103152764063355 -0.0007770178225542829 -0.0008015250316428809 
0.292 -0.0006529296299155038 -0.0007177984219252663 -0.0007852238789363191 -0.0008099942917869684 
0.293 -0.0006597617757016351 -0.0007253546439362034 -0.0007935111629645389 -0.0008185476741235249 
0.294 -0.0006666594423266556 -0.0007329850013709163 -0.0008018808853773839 -0.0008271864419827388 
0.295 -0.000673623548124951 -0.0007406905773218771 -0.0008103342851940636 -0.0008359118883866278 
0.296 -0.0006806550317777704 -0.0007484724796907078 -0.0008188726304802202 -0.0008447253368658938 
0.297 -0.0006877548528439144 -0.0007563318418570526 -0.0008274972191640069 -0.0008536281423111497 
0.298 -0.0006949239923063289 -0.00076426982336882 -0.0008362093798470902 -0.0008626216918391262 
0.299 -0.0007021634531355618 -0.0007722876106528884 -0.0008450104726671092 -0.0008717074056972216 
0.3 -0.0007094742608703437 -0.0007803864177499693 -0.0008539018901742509 -0.0008808867381919764 
0.301 -0.0007168574642160572 -0.0007885674870721796 -0.0008628850582408094 -0.0008901611786508748 
0.302 -0.0007243141356615979 -0.0007968320901840946 -0.0008719614369995514 -0.0008995322524119993 
0.303 -0.0007318453721155258 -0.0008051815286099734 -0.000881132521813254 -0.0009090015218538804 
0.304 -0.0007394522955617235 -0.000813617134666062 -0.0008903998442736068 -0.0009185705874443753 
0.305 -0.0007471360537358624 -0.000822140272320793 -0.0008997649732396106 -0.0009282410888458457 
0.306 -0.0007548978208227275 -0.000830752338081799 -0.0009092295159033471 -0.0009380147060379773 
0.307 -0.000762738798175726 -0.0008394547619128916 -0.0009187951188942507 -0.000947893160485795 
0.308 -0.0007706602150590971 -0.0008482490081799123 -0.0009284634694205179 -0.0009578782163500835 
0.309 -0.0007786633294135226 -0.0008571365766294735 -0.0009382362964485594 -0.0009679716817359314 
0.31 -0.000786749428646228 -0.0008661190033974015 -0.0009481153719210644 -0.0009781754099785185 
0.311 -0.0007949198304462765 -0.0008751978620531349 -0.0009581025120207756 -0.0009884913009793204 
0.312 -0.0008031758836258747 -0.0008843747646775416 -0.0009681995784701378 -0.0009989213025922196 
0.313 -0.0008115189689889247 -0.0008936513629764179 -0.0009784084798786417 -0.0010094674120409402 
0.314 -0.0008199505002273648 -0.0009030293494322546 -0.0009887311731419945 -0.0010201316774005771 
0.315 -0.000828471924846773 -0.0009125104584940778 -0.0009991696648777063 -0.0010309161991252133 
0.316 -0.000837084725121647 -0.000922096467807609 -0.0010097260129195555 -0.0010418231316316427 
0.317 -0.0008457904190820039 -0.0009317891994866633 -0.001020402327863693 -0.0010528546849232975 
0.318 -0.0008545905615321308 -0.0009415905214283277 -0.001031200774659658 -0.0010640131262957028 
0.319 -0.0008634867451026659 -0.0009515023486726407 -0.001042123574264959 -0.0010753007820868043 
0.32 -0.000872480601336969 -0.0009615266448082353 -0.0010531730053593405 -0.001086720039480717 
0.321 -0.000881573801813517 -0.0009716654234267251 -0.0010643514061095714 -0.0010982733483966857 
0.322 -0.0008907680593048566 -0.0009819207496267746 -0.0010756611760038802 -0.0011099632234235228 
0.323 -0.0009000651289751523 -0.0009922947415699108 -0.001087104777750298 -0.001121792245842432 
0.324 -0.0009094668096168697 -0.0010027895720896838 -0.001098684739239989 -0.0011337630657063604 
0.325 -0.0009189749449287166 -0.0010134074703569728 -0.0011104036555808073 -0.0011458784039985782 
0.326 -0.0009285914248356004 -0.0010241507236022288 -0.0011222641912023862 -0.0011581410548695435 
0.327 -0.0009383181868523948 -0.0010350216788984504 -0.001134269082039243 -0.0011705538879526623 
0.328 -0.0009481572174927568 -0.001046022745004264 -0.0011464211377884535 -0.0011831198507642063 
0.329 -0.0009581105537249092 -0.0010571563942733191 -0.0011587232442474321 -0.001195841971192939 
0.33 -0.0009681802844753087 -0.0010684251646279927 -0.0011711783657406038 -0.0012087233600631322 
0.331 -0.0009783685521818444 -0.0010798316616026638 -0.0011837895476239984 -0.001221767213819572 
0.332 -0.0009886775543990981 -0.0010913785604581218 -0.0011965599188898726 -0.0012349768172758458 
0.333 -0.000999109545455571 -0.0011030686083688959 -0.0012094926948544844 -0.0012483555464887395 
0.334 -0.001009666838166082 -0.0011149046266870548 -0.0012225911799496928 -0.0012619068717162347 
0.335 -0.001020351805599933 -0.001126889513284104 -0.0012358587706110418 -0.001275634360497073 
0.336 -0.0010311668829070164 -0.0011390262449739853 -0.0012492989582695505 -0.0012895416808351176 
0.337 -0.001042114569203159 -0.0011513178800193567 -0.0012629153324491466 -0.001303632604496841 
0.338 -0.001053197429516185 -0.0011637675607253195 -0.0012767115839760323 -0.0013179110104313287 
0.339 -0.0010644180967951517 -0.0011763785161200916 -0.001290691508303108 -0.0013323808883000136 
0.34 -0.0010757792739828644 -0.0011891540647283772 -0.0013048590089485767 -0.0013470463421592195 
0.341 -0.0010872837361543242 -0.001202097617438778 -0.0013192181010552861 -0.0013619115942453655 
0.342 -0.001098934332721928 -0.0012152126804669877 -0.0013337729150818517 -0.0013769809889039389 
0.343 -0.0011107339897089802 -0.0012285028584184882 -0.001348527700613148 -0.0013922589966693635 
0.344 -0.0011226857120926585 -0.0012419718574527177 -0.001363486830310013 -0.0014077502184645207 
0.345 -0.0011347925862171579 -0.0012556234885508736 -0.001378654803989684 -0.001423459389970372 
0.346 -0.0011470577822781907 -0.0012694616708890372 -0.0013940362528438014 -0.0014393913861181608 
0.347 -0.001159484556879895 -0.0012834904353201879 -0.0014096359438095427 -0.0014555512257664127 
0.348 -0.0011720762556632937 -0.0012977139279642155 -0.0014254587840678064 -0.0014719440765057494 
0.349 -0.0011848363160079374 -0.0013121364139095637 -0.0014415098257040027 -0.00148857525964251 
0.35 -0.0011977682698055695 -0.001326762281026953 -0.0014577942705091473 -0.0015054502553340536 
0.351 -0.0012108757463049733 -0.0013415960438950426 -0.001474317474939793 -0.0015225747078988533 
0.352 -0.0012241624750275871 -0.0013566423478390106 -0.0014910849552235584 -0.0015399544312782632 
0.353 -0.0012376322887520132 -0.0013719059730802705 -0.0015081023926258414 -0.001557595414686624 
0.354 -0.001251289126564585 -0.001387391838999896 -0.0015253756388596202 -0.0015755038284060096 
0.355 -0.0012651370369732141 -0.001403105008507465 -0.0015429107216646976 -0.0015936860297620856 
0.356 -0.0012791801810808333 -0.0014190506925189248 -0.0015607138505173215 -0.0016121485692688889 
0.357 -0.0012934228358134467 -0.0014352342545347937 -0.0015787914225044433 -0.0016308981969242065 
0.358 -0.0013078693971958172 -0.0014516612153159154 -0.0015971500283302811 -0.0016499418686729075 
0.359 -0.001322524383669235 -0.001468337257649838 -0.0016157964584684358 -0.0016692867530227942 
0.36 -0.0013373924394408478 -0.0014852682311972537 -0.0016347377094344155 -0.0016889402377964205 
0.361 -0.0013524783378547477 -0.0015024601574110009 -0.0016539809901839004 -0.0017089099370246274 
0.362 -0.0013677869847731866 -0.0015199192345143402 -0.0016735337286103169 -0.0017292036979675656 
0.363 -0.0013833234219516558 -0.0015376518425210491 -0.0016934035781466996 -0.0017498296082279362 
0.364 -0.0013990928303924811 -0.001555664548283398 -0.0017135984244142533 -0.0017707960029570572 
0.365 -0.0014151005336562946 -0.0015739641105428238 -0.0017341263919522871 -0.0017921114721357206 
0.366 -0.0014313520011092328 -0.001592557484962193 -0.0017549958509406225 -0.001813784867871323 
0.367 -0.0014478528510783698 -0.00161145182910712 -0.0017762154239331827 -0.0018358253117126604 
0.368 -0.0014646088538863877 -0.0016306545073449463 -0.0017977939925363045 -0.0018582422019330735 
0.369 -0.0014816259347302722 -0.001650173095621856 -0.0018197407040005547 -0.0018810452207155056 
0.37 -0.0014989101763639842 -0.001670015386071614 -0.0018420649776709304 -0.0019042443412387138 
0.371 -0.0015164678215412366 -0.0016901893914069127 -0.0018647765112406066 -0.0019278498345347225 
0.372 -0.0015343052751665043 -0.001710703349031651 -0.001887885286742611 -0.00195187227612152 
0.373 -0.0015524291060960748 -0.0017315657248083648 -0.0019114015761936161 -0.00197632255226386 
0.374 -0.001570846048525344 -0.0017527852164038857 -0.0019353359468231787 -0.0020012118658316157 
0.375 -0.0015895630028875463 -0.0017743707561258609 -0.0019596992657608787 -0.0020265517416028496 
0.376 -0.0016085870361832624 -0.0017963315131547968 -0.0019845027040935833 -0.0020523540309309815 
0.377 -0.001627925381647486 -0.0018186768950586786 -0.0020097577401577064 -0.0020786309156114835 
0.378 -0.0016475854376536846 -0.0018414165484700136 -0.002035476161910673 -0.002105394910830678 
0.379 -0.001667574765740674 -0.0018645603587863558 -0.002061670068252553 -0.002132658867004214 
0.38 -0.0016879010876376555 -0.0018881184487451448 -0.0020883518690865376 -0.0021604359703292575 
0.381 -0.0017085722811508313 -0.0019121011757003267 -0.0021155342839420882 -0.002188739741844133 
0.382 -0.0017295963747607423 -0.001936519127420743 -0.00214323033893898 -0.0022175840347692776 
0.383 -0.0017509815407678094 -0.0019613831162052587 -0.0021714533618464997 -0.0022469830298548926 
0.384 -0.001772736086810134 -0.001986704171095673 -0.0022002169749862827 -0.0022769512285049486 
0.385 -0.0017948684455649326 -0.0020124935279528093 -0.002229535085690241 -0.0023075034433297404 
0.386 -0.0018173871624329924 -0.0020387626171384744 -0.0022594218740111067 -0.0023386547858419587 
0.387 -0.0018403008809946982 -0.0020655230485378314 -0.0022898917773652235 -0.0023704206509394007 
0.388 -0.0018636183260197733 -0.002092786593639219 -0.0023209594717578993 -0.002402816697815966 
0.389 -0.0018873482838034242 -0.0021205651643791297 -0.0023526398492513616 -0.002435858826917845 
0.39 -0.0019114995796040313 -0.0021488707884535886 -0.002384947991283497 -0.0024695631525651334 
0.391 -0.001936081051955637 -0.0021777155807984018 -0.002417899137500325 -0.002503945970849089 
0.392 -0.0019611015236429673 -0.0022071117109458394 -0.0024515086497136377 -0.0025390237223895107 
0.393 -0.0019865697691375302 -0.0022370713659826307 -0.0024857919706350535 -0.002574812949607722 
0.394 -0.0020124944783220136 -0.0022676067088532406 -0.002520764577078367 -0.0026113302481654004 
0.395 -0.002038884216363379 -0.002298729831802581 -0.0025564419273279926 -0.0026485922122187447 
0.396 -0.002065747379642282 -0.0023304527047894106 -0.0025928394024484856 -0.0026866153732993223 
0.397 -0.00209309214770533 -0.0023627871187828194 -0.002629972241406816 -0.0027254161325991947 
0.398 -0.002120926431278076 -0.0023957446239235604 -0.00266785546990557 -0.002765010686634405 
0.399 -0.002149257816465647 -0.002429336462651748 -0.002706503823031536 -0.0028054149462763607 
0.4 -0.002178093505363497 -0.0024635734980030795 -0.0027459316618866645 -0.0028466444494176725 
0.401 -0.0022074402534177804 -0.002498466137425004 -0.0027861528845762673 -0.002888714267554075 
0.402 -0.0022373043039947004 -0.0025340242526076706 -0.002827180832064283 -0.0029316389068912525 
0.403 -0.0022676913207513565 -0.0025702570959912695 -0.002869028189634964 -0.0029754322046857554 
0.404 -0.0022986063185337 -0.0026071732147747682 -0.0029117068848871254 -0.003020107221773185 
0.405 -0.002330053593661701 -0.0026447803634258573 -0.002955227983365639 -0.0030656761324920887 
0.406 -0.0023620366545847277 -0.00268308541584824 -0.002999601583182468 -0.003112150113333857 
0.407 -0.0023945581540032613 -0.002722094278511973 -0.003044836710105746 -0.003159539231933291 
0.408 -0.002427619823636864 -0.00276181180597251 -0.0030909412147939125 -0.0032078523381148098 
0.409 -0.0024612224128790607 -0.0028022417202923466 -0.0031379216739289327 -0.0032570969588563564 
0.41 -0.0024953656325986816 -0.0028433865359174483 -0.0031857832971037897 -0.003307279199115446 
0.411 -0.0025300481053267404 -0.0028852474915636913 -0.0032345298412891016 -0.0033584036504379893 
0.412 -0.0025652673230014415 -0.0029278244905950428 -0.003284163534683027 -0.0034104733092562268 
0.413 -0.0026010196133295273 -0.002971116051266288 -0.0033346850115964794 -0.0034634895066514943 
0.414 -0.0026373001156664217 -0.003015119268022885 -0.0033860932598434976 -0.003517451851111158 
0.415 -0.002674102767117444 -0.003059829784823596 -0.0034383855818765 -0.0035723581856126094 
0.416 -0.0027114202993339925 -0.0031052417811873643 -0.0034915575705456686 -0.003628204560006887 
0.417 -0.0027492442462277423 -0.003151347971365279 -0.0035456031000841745 -0.003684985219335424 
0.418 -0.0027875649625593605 -0.003198139616718635 -0.003600514332512185 -0.0037426926083221745 
0.419 -0.002826371653103643 -0.003245606551072917 -0.003656281739282326 -0.0038013173918865165 
0.42 -0.0028656524118399443 -0.0032937372185060368 -0.0037128941376544985 -0.003860848491164255 
0.421 -0.002905394270401412 -0.003342518722755211 -0.0037703387409215635 -0.0039212731341305394 
0.422 -0.002945583254824477 -0.0033919368871839608 -0.00382860122134736 -0.003982576919675992 
0.423 -0.002986204449498432 -0.003441976324062015 -0.0038876657844154755 -0.00404474389367826 
0.424 -0.003027242067109933 -0.003492620511763559 -0.003947515252838406 -0.0041077566354187035 
0.425 -0.003068679523323818 -0.0035438518784159274 -0.004008131158637851 -0.004171596352649381 
0.426 -0.003110499514928954 -0.003595651890485702 -0.004069493841560576 -0.004236242983456681 
0.427 -0.0031526841002061995 -0.003648001144816054 -0.0041315825521344605 -0.004301675303155085 
0.428 -0.003195214780337276 -0.0037008794626859974 -0.004194375557657286 -0.004367871034414982 
0.429 -0.003238072580764539 -0.0037542659845546584 -0.004257850249596916 -0.004434806959049564 
0.43 -0.0032812381315203785 -0.003808139264282921 -0.004321983250942368 -0.004502459029886069 
0.431 -0.00332469174567111 -0.003862477361758279 -0.004386750522236416 -0.004570802481430332 
0.432 -0.003368413495147584 -0.0039172579330039176 -0.004452127465199754 -0.004639811938125765 
0.433 -0.0034123832833702346 -0.003972458317006265 -0.004518089023000007 -0.004709461519236259 
0.434 -0.003456580914200745 -0.0040280556186477615 -0.004584609776421019 -0.004779724939550318 
0.435 -0.0035009861568754286 -0.004084026787274647 -0.004651664035346692 -0.004850575605277728 
0.436 -0.0035455788066837447 -0.0041403486905637445 -0.004719225925119015 -0.004921986704671471 
0.437 -0.0035903387412552887 -0.004196998183471762 -0.004787269467492975 -0.004993931293081426 
0.438 -0.003635245972403184 -0.004253952172159401 -0.004855768656004938 -0.005066382372206711 
0.439 -0.0036802806935442725 -0.004311187672865905 -0.004924697525710025 -0.005139312963540374 
0.44 -0.00372542332277745 -0.004368681865794245 -0.004994030217321289 -0.005212696175962497 
0.441 -0.0037706545417473835 -0.004426412144121873 -0.0050637410358415616 -0.005286505267661475 
0.442 -0.003815955330461233 -0.004484356158303214 -0.00513380450386783 -0.005360713702451527 
0.443 -0.0038613069982496168 -0.004542491855867223 -0.005204195409775159 -0.005435295200813864 
0.444 -0.0039066912110852815 -0.004600797516937808 -0.005274888851028221 -0.005510223785812724 
0.445 -0.003952090015482648 -0.004659251785725092 -0.005345860272878378 -0.005585473824228396 
0.446 -0.003997485859207428 -0.004717833698243716 -0.005417085502739322 -0.005661020063162234 
0.447 -0.004042861609027225 -0.004776522706515622 -0.005488540780528877 -0.005736837662430797 
0.448 -0.004088200565729475 -0.004835298699522251 -0.005560202785249981 -0.005812902223041294 
0.449 -0.004133486476627454 -0.004894142021153267 -0.005632048658128571 -0.005889189812031276 
0.45 -0.004178703545766182 -0.004953033485402453 -0.005704056022548933 -0.0059656769840055485 
0.451 -0.0042238364420308094 -0.005011954389043603 -0.005776203001078771 -0.006042340799587285 
0.452 -0.004268870305346312 -0.005070886522008354 -0.005848468229826252 -0.0061191588410959875 
0.453 -0.004313790751149368 -0.0051298121756796124 -0.005920830870377708 -0.006196109225678035 
0.454 -0.004358583873295036 -0.0051887141492927905 -0.005993270619521736 -0.006273170616128997 
0.455 -0.004403236245555733 -0.005247575754630071 -0.006065767717006137 -0.006350322229631698 
0.456 -0.004447734921851177 -0.00530638081917496 -0.006138302951466338 -0.006427543844626881 
0.457 -0.004492067435341226 -0.005365113687884639 -0.006210857664768852 -0.006504815805946453 
0.458 -0.004536221796497957 -0.005423759223718735 -0.006283413754892401 -0.006582119028470773 
0.459 -0.004580186490268054 -0.005482302807059187 -0.006355953677498016 -0.0066594349993958375 
0.46 -0.004623950472420105 -0.0055407303341367085 -0.006428460446352059 -0.006736745779279908 
0.461 -0.004667503165167307 -0.005599028214570899 -0.006500917632704127 -0.006814034002018451 
0.462 -0.004710834452145044 -0.005657183368123062 -0.00657330936374905 -0.006891282873833477 
0.463 -0.004753934672813884 -0.005715183220748092 -0.0066456203202497725 -0.00696847617140183 
0.464 -0.004796794616353665 -0.005773015700024418 -0.006717835733460846 -0.007045598239229042 
0.465 -0.004839405515104902 -0.005830669230031414 -0.0067899413813800324 -0.00712263398635199 
0.466 -0.004881759037609172 -0.005888132725740386 -0.006861923584445886 -0.007199568882416179 
0.467 -0.004923847281294029 -0.005945395586972424 -0.006933769200719965 -0.007276388953248389 
0.468 -0.004965662764842422 -0.006002447691974686 -0.007005465620635725 -0.007353080775965837 
0.469 -0.0050071984202822535 -0.006059279390660329 -0.0070770007613545766 -0.007429631473656163 
0.47 -0.005048447584828698 -0.006115881497549543 -0.007148363060762659 -0.00750602870972896 
0.471 -0.0050894039925047955 -0.006172245284449427 -0.007219541471187691 -0.0075822606818989205 
0.472 -0.005130061765566692 -0.006228362472899444 -0.007290525452836694 -0.007658316115963886 
0.473 -0.005170415405754 -0.006284225226413991 -0.007361304966998023 -0.0077341842592838946 
0.474 -0.005210459785383102 -0.006339826142542784 -0.007431870469049797 -0.007809854874062232 
0.475 -0.005250190138301233 -0.006395158244768125 -0.0075022129012768 -0.007885318230450054 
0.476 -0.005289602050713138 -0.006450214974263188 -0.007572323685536841 -0.007960565099484259 
0.477 -0.0053286914518945105 -0.006504990181519424 -0.007642194715779907 -0.008035586745875985 
0.478 -0.005367454604801242 -0.0065594781178607686 -0.007711818350457112 -0.008110374920691442 
0.479 -0.005405888096583333 -0.00661367342685625 -0.007781187404800186 -0.008184921853870515 
0.48 -0.005443988829012302 -0.006667571135638677 -0.00785029514302809 -0.008259220246731367 
0.481 -0.0054817540088270235 -0.006721166646139491 -0.007919135270438967 -0.0083332632642976 
0.482 -0.0055191811380045615 -0.006774455726246404 -0.007987701925450192 -0.008407044527626152 
0.483 -0.005556268003960222 -0.0068274345008897275 -0.008055989671550702 -0.008480558106002862 
0.484 -0.005593012669680679 -0.00688009944306305 -0.008123993489195052 -0.00855379850910171 
0.485 -0.005629413463793395 -0.006932447364780248 -0.008191708767631867 -0.008626760679102776 
0.486 -0.005665468970575746 -0.006984475407976363 -0.008259131296685202 -0.008699439982710926 
0.487 -0.005701178019904265 -0.007036181035350067 -0.008326257258468845 -0.008771832203162098 
0.488 -0.005736539677148789 -0.007087562021155606 -0.008393083219073285 -0.008843933532169727 
0.489 -0.005771553233010302 -0.007138616441939076 -0.008459606120182055 -0.008915740561821995 
0.49 -0.005806218193305497 -0.0071893426672296834 -0.008525823270654485 -0.008987250276425877 
0.491 -0.005840534268698533 -0.007239739350177507 -0.008591732338058648 -0.009058460044345148 
0.492 -0.0058745013643811276 -0.007289805418145859 -0.008657331340173819 -0.009129367609746508 
0.493 -0.005908119569702574 -0.007339540063256015 -0.008722618636419698 -0.009199971084352993 
0.494 -0.0059413891477483795 -0.007388942732885665 -0.008787592919277307 -0.009270268939102306 
0.495 -0.005974310524870586 -0.007438013120119366 -0.008852253205646112 -0.009340259995828767 
0.496 -0.0060068842801696215 -0.007486751154156459 -0.00891659882816734 -0.00940994341884948 
0.497 -0.006039111134927894 -0.007535156990672425 -0.008980629426499218 -0.009479318706553946 
0.498 -0.006070991941996002 -0.00758323100213377 -0.00904434493855873 -0.00954838568290714 
0.499 -0.006102527675132406 -0.007630973768072066 -0.009107745591711453 -0.00961714448896195 
0.5 -0.006133719418298173 -0.007678386065310885 -0.009170831893932276 -0.009685595574293973 
0.501 -0.006164568354905118 -0.007725468858150326 -0.009233604624908067 -0.009753739688412871 
0.502 -0.006195075757020266 -0.007772223288509471 -0.00929606482711627 -0.009821577872137353 
0.503 -0.006225242974526986 -0.007818650666021908 -0.009358213796848609 -0.009889111448918906 
0.504 -0.006255071424242406 -0.00786475245809513 -0.009420053075198208 -0.00995634201612792 
0.505 -0.006284562578993691 -0.007910530279922244 -0.009481584439011686 -0.01002327143630413 
0.506 -0.006313717956652198 -0.007955985884455605 -0.009542809891786028 -0.010089901828371738 
0.507 -0.00634253910912797 -0.008001121152338687 -0.009603731654534806 -0.010156235558797393 
0.508 -0.00637102761132428 -0.008045938081797441 -0.009664352156619139 -0.010222275232726341 
0.509 -0.006399185050053693 -0.008090438778491492 -0.009724674026517919 -0.010288023685066861 
0.51 -0.006427013012916305 -0.008134625445326357 -0.009784700082579766 -0.01035348397154547 
0.511 -0.006454513077141478 -0.008178500372226527 -0.009844433323716935 -0.010418659359712767 
0.512 -0.006481686798392802 -0.008222065925869146 -0.009903876920070375 -0.010483553319902125 
0.513 -0.006508535699539475 -0.008265324539381596 -0.00996303420362937 -0.010548169516185509 
0.514 -0.006535061259392172 -0.008308278701997985 -0.010021908658806995 -0.010612511797222713 
0.515 -0.006561264901406977 -0.008350930948680411 -0.01008050391297734 -0.01067658418713106 
0.516 -0.006587147982357235 -0.008393283849702586 -0.010138823726970567 -0.010740390876291278 
0.517 -0.006612711780974138 -0.008435340000194231 -0.010196871985521624 -0.010803936212078374 
0.518 -0.006637957486558712 -0.008477102009651039 -0.01025465268768262 -0.010867224689608612 
0.519 -0.006662886187564549 -0.008518572491404938 -0.010312169937173774 -0.010930260942369872 
0.52 -0.006687498860154932 -0.008559754052058857 -0.010369427932705705 -0.010993049732878325 
0.521 -0.006711796356734141 -0.00860064928088363 -0.010426430958246469 -0.011055595943196656 
0.522 -0.0067357793944566 -0.008641260739178288 -0.010483183373227786 -0.011117904565492689 
0.523 -0.006759448543714209 -0.008681590949592777 -0.010539689602720597 -0.011179980692462697 
0.524 -0.006782804216606291 -0.008721642385414197 -0.010595954127531353 -0.01124182950774716 
0.525 -0.006805846655393513 -0.008761417459814501 -0.010651981474261614 -0.011303456276252547 
0.526 -0.006828575920940064 -0.008800918515065656 -0.01070777620529929 -0.011364866334434981 
0.527 -0.0068509918811479826 -0.008840147811713743 -0.0107633429087401 -0.011426065080475153 
0.528 -0.006873094199386702 -0.00887910751772151 -0.010818686188262658 -0.011487057964423762 
0.529 -0.006894882322924927 -0.008917799697575196 -0.010873810652912387 -0.011547850478233401 
0.53 -0.006916355471369799 -0.008956226301358658 -0.010928720906836362 -0.011608448145734949 
0.531 -0.006937512625118901 -0.008994389153796507 -0.010983421538924723 -0.01166885651249859 
0.532 -0.006958352513834393 -0.009032289943268448 -0.011037917112396184 -0.011729081135622375 
0.533 -0.0069788736049465625 -0.00906993021079797 -0.0110922121542689 -0.011789127573428508 
0.534 -0.006999074092197591 -0.009107311339018601 -0.011146311144801304 -0.011849001375048813 
0.535 -0.007018951884234029 -0.009144434541122525 -0.011200218506804471 -0.011908708069903087 
0.536 -0.007038504593262192 -0.009181300849795739 -0.011253938594893514 -0.011968253157084722 
0.537 -0.007057729523778146 -0.009217911106147503 -0.011307475684639972 -0.012027642094622957 
0.538 -0.007076623661388018 -0.009254265948639913 -0.011360833961660237 -0.012086880288637329 
0.539 -0.007095183661732108 -0.009290365802025958 -0.011414017510586775 -0.012145973082395109 
0.54 -0.007113405839533109 -0.009326210866305024 -0.011467030303994603 -0.01220492574520342 
0.541 -0.007131286157785305 -0.009361801105708894 -0.011519876191214204 -0.012263743461256084 
0.542 -0.0071488202171047675 -0.009397136237727149 -0.011572558887090134 -0.012322431318295912 
0.543 -0.007166003245262934 -0.009432215722187 -0.011625081960665938 -0.012380994296243286 
0.544 -0.007182830086927124 -0.009467038750402303 -0.011677448823785587 -0.0124394372556357 
0.545 -0.0071992951936301315 -0.009501604234406618 -0.011729662719679186 -0.012497764926019903 
0.546 -0.007215392613997558 -0.009535910796292273 -0.011781726711465032 -0.012555981894260564 
0.547 -0.0072311159842570446 -0.009569956757666849 -0.011833643670636182 -0.012614092592693324 
0.548 -0.007246458519060697 -0.009603740129258052 -0.01188541626553031 -0.012672101287309678 
0.549 -0.0072614130026447754 -0.00963725860067844 -0.011937046949781979 -0.012730012065770277 
0.55 -0.007275971780362508 -0.009670509530382962 -0.011988537950798408 -0.012787828825468956 
0.551 -0.0072901267506147865 -0.009703489935837247 -0.01203989125827189 -0.012845555261509734 
0.552 -0.007303869357212814 -0.009736196483925093 -0.012091108612727561 -0.012903194854688804 
0.553 -0.007317190582202342 -0.009768625481623173 -0.012142191494162763 -0.012960750859515037 
0.554 -0.007330080939179711 -0.009800772866969388 -0.012193141110788319 -0.013018226292236049 
0.555 -0.007342530467130631 -0.009832634200350776 -0.012243958387881502 -0.013075623918936548 
0.556 -0.007354528724820404 -0.009864204656146168 -0.012294643956822717 -0.013132946243748002 
0.557 -0.00736606478576461 -0.009895479014745377 -0.012345198144278584 -0.013190195497147186 
0.558 -0.007377127233805457 -0.009926451654978543 -0.012395620961646725 -0.013247373624430911 
0.559 -0.007387704159321995 -0.009957116546983667 -0.012445912094711629 -0.013304482274364326 
0.56 -0.007397783156093537 -0.009987467245536362 -0.012496070893596811 -0.013361522788052582 
0.561 -0.007407351318840537 -0.010017496883874457 -0.012546096363033605 -0.01341849618807616 
0.562 -0.007416395241457959 -0.01004719816804014 -0.012595987152966302 -0.013475403167873391 
0.563 -0.007424901015959103 -0.010076563371763582 -0.012645741549537862 -0.013532244081514398 
0.564 -0.007432854232139824 -0.010105584331910944 -0.012695357466497931 -0.013589018933767835 
0.565 -0.007440239977972539 -0.010134252444518436 -0.012744832437049096 -0.013645727370609395 
0.566 -0.007447042840734974 -0.010162558661429283 -0.012794163606152762 -0.013702368670145596 
0.567 -0.007453246908875662 -0.010190493487548054 -0.012843347723361917 -0.013758941733997858 
0.568 -0.007458835774611755 -0.010218046978727587 -0.012892381136161648 -0.013815445079181289 
0.569 -0.00746379253725587 -0.010245208740296257 -0.012941259783888664 -0.013871876830516496 
0.57 -0.007468099807259668 -0.010271967926231378 -0.012989979192198046 -0.013928234713580546 
0.571 -0.00747173971095981 -0.010298313238985585 -0.01303853446815687 -0.013984516048271245 
0.572 -0.007474693896012272 -0.01032423292996206 -0.013086920295933956 -0.014040717742910555 
0.573 -0.00747694353748974 -0.010349714800638867 -0.013135130933117937 -0.014096836289035677 
0.574 -0.0074784693446212965 -0.010374746204333934 -0.0131831602076884 -0.014152867756796403 
0.575 -0.007479251568145124 -0.010399314048599813 -0.013231001515621451 -0.014208807790958742 
0.576 -0.007479270008244965 -0.010423404798241167 -0.01327864781913773 -0.014264651607678829 
0.577 -0.007478504023038375 -0.01044700447893168 -0.013326091645631121 -0.014320393991828658 
0.578 -0.007476932537580882 -0.010470098681416367 -0.013373325087201468 -0.014376029295040484 
0.579 -0.007474534053351604 -0.010492672566278734 -0.013420339800870519 -0.014431551434425437 
0.58 -0.007471286658180967 -0.010514710869247356 -0.01346712700940524 -0.014486953891931264 
0.581 -0.007467168036583495 -0.010536197907016934 -0.01351367750276011 -0.014542229714355003 
0.582 -0.0074621554804545085 -0.010557117583557825 -0.013559981640141296 -0.014597371514019278 
0.583 -0.007456225900093325 -0.010577453396883756 -0.013606029352637395 -0.014652371470040898 
0.584 -0.007449355835512346 -0.01059718844625113 -0.013651810146424127 -0.014707221330228733 
0.585 -0.007441521467992677 -0.01061630543975435 -0.013697313106513629 -0.014761912413587158 
0.586 -0.00743269863184942 -0.010634786702288746 -0.013742526901016091 -0.014816435613344753 
0.587 -0.007422862826367794 -0.010652614183851968 -0.013787439785906842 -0.014870781400567796 
0.588 -0.007411989227875322 -0.010669769468147234 -0.01383203961023707 -0.014924939828260294 
0.589 -0.007400052701915341 -0.010686233781458316 -0.013876313821796792 -0.014978900535979278 
0.59 -0.007387027815488513 -0.010701988001770052 -0.013920249473191633 -0.015032652754885651 
0.591 -0.007372888849331712 -0.010717012668097261 -0.013963833228273166 -0.015086185313255354 
0.592 -0.007357609810206384 -0.010731287989996863 -0.014007051368944102 -0.015139486642366053 
0.593 -0.007341164443167019 -0.010744793857234383 -0.014049889802264206 -0.01519254478277872 
0.594 -0.007323526243787256 -0.010757509849575379 -0.014092334067856536 -0.015245347390945737 
0.595 -0.007304668470320708 -0.01076941524667997 -0.014134369345566238 -0.015297881746135849 
0.596 -0.007284564155774222 -0.010780489038072107 -0.014175980463359905 -0.015350134757648338 
0.597 -0.007263186119877438 -0.010790709933162347 -0.01421715190541126 -0.015402092972271937 
0.598 -0.007240506980930836 -0.01080005637130224 -0.0142578678204004 -0.015453742581967859 
0.599 -0.007216499167519755 -0.010808506531852068 -0.014298112029923761 -0.015505069431773953 
0.6 -0.007191134930079948 -0.010816038344240352 -0.014337868037063812 -0.01555605902784999 
0.601 -0.007164386352306241 -0.010822629498000462 -0.014377119035052779 -0.015606696545683411 
0.602 -0.007136225362395227 -0.010828257452770494 -0.01441584791601798 -0.01565696683843395 
0.603 -0.00710662374411362 -0.010832899448237926 -0.01445403727980251 -0.01570685444535541 
0.604 -0.007075553147690347 -0.01083653251402363 -0.014491669442811685 -0.015756343600311012 
0.605 -0.007042985100524271 -0.010839133479486675 -0.014528726446908424 -0.01580541824034975 
0.606 -0.007008891017708074 -0.010840678983447333 -0.014565190068307868 -0.015854062014318316 
0.607 -0.006973242212366011 -0.010841145483815968 -0.014601041826468375 -0.01590225829149895 
0.608 -0.006936009905804629 -0.01084050926712011 -0.014636262992973286 -0.01594999017027549 
0.609 -0.0068971652374781554 -0.0108387464579298 -0.014670834600371831 -0.015997240486755777 
0.61 -0.006856679274768868 -0.010835833028167308 -0.014704737450985845 -0.016043991823421363 
0.611 -0.006814523022586464 -0.010831744806305929 -0.014737952125679113 -0.01609022651770152 
0.612 -0.006770667432787648 -0.01082645748644855 -0.014770458992536152 -0.01613592667055779 
0.613 -0.00672508341342034 -0.010819946637287112 -0.014802238215516591 -0.01618107415497796 
0.614 -0.0066777418377967366 -0.01081218771094269 -0.014833269762992925 -0.01622565062441784 
0.615 -0.006628613553398803 -0.010803156051680035 -0.014863533416244492 -0.016269637521199417 
0.616 -0.006577669390621483 -0.010792826904501871 -0.014893008777854416 -0.016313016084815564 
0.617 -0.006524880171358123 -0.010781175423621383 -0.014921675280008349 -0.016355767360176562 
0.618 -0.006470216717433844 -0.010768176680812737 -0.014949512192721904 -0.01639787220573518 
0.619 -0.00641364985889163 -0.010753805673642643 -0.01497649863195588 -0.016439311301590768 
0.62 -0.006355150442136112 -0.010738037333582523 -0.015002613567660129 -0.0164800651574258 
0.621 -0.00629468933794129 -0.010720846534005247 -0.015027835831691053 -0.01652011412043071 
0.622 -0.006232237449326594 -0.010702208098065456 -0.015052144125642916 -0.01655943838304865 
0.623 -0.00616776571930738 -0.01068209680647214 -0.01507551702859929 -0.016598017990735105 
0.624 -0.006101245138524051 -0.010660487405146508 -0.015097933004751686 -0.01663583284948047 
0.625 -0.006032646752755709 -0.010637354612775398 -0.015119370410949745 -0.016672862733378088 
0.626 -0.005961941670323309 -0.010612673128261968 -0.015139807504120008 -0.016709087291978474 
0.627 -0.005889101069386414 -0.010586417638071343 -0.015159222448642522 -0.016744486057642203 
0.628 -0.0058140962051383875 -0.010558562823480484 -0.015177593323565011 -0.01677903845271329 
0.629 -0.005736898416905558 -0.010529083367731758 -0.01519489812976288 -0.016812723796647888 
0.63 -0.0056574791351525705 -0.010497953963091375 -0.015211114797010579 -0.016845521313038875 
0.631 -0.005575809888400637 -0.010465149317820718 -0.015226221190926821 -0.01687741013654645 
0.632 -0.005491862310059893 -0.010430644163057896 -0.01524019511986566 -0.016908369319717963 
0.633 -0.005405608145181096 -0.010394413259616193 -0.015253014341698044 -0.01693837783973221 
0.634 -0.005317019257130822 -0.01035643140469999 -0.015264656570511057 -0.016967414605072572 
0.635 -0.005226067634190986 -0.01031667343853861 -0.0152750994832326 -0.016995458462074266 
0.636 -0.005132725396088927 -0.010275114250949183 -0.015284320726146886 -0.017022488201403497 
0.637 -0.005036964800457322 -0.010231728787816917 -0.015292297921369456 -0.017048482564461634 
0.638 -0.0049387582492311545 -0.010186492057512282 -0.015299008673201808 -0.017073420249704114 
0.639 -0.004838078294979443 -0.01013937913722861 -0.015304430574437396 -0.017097279918852 
0.64 -0.004734897647177929 -0.010090365179258433 -0.015308541212586462 -0.01712004020307814 
0.641 -0.004629189178422022 -0.010039425417202584 -0.015311318176011793 -0.01714167970903773 
0.642 -0.004520925930584154 -0.00998653517211152 -0.015312739060023233 -0.017162177024910845 
0.643 -0.004410081120916027 -0.009931669858570578 -0.015312781472863711 -0.01718151072631948 
0.644 -0.00429662814809849 -0.009874804990718248 -0.015311423041664197 -0.017199659382181966 
0.645 -0.004180540598237847 -0.009815916188209522 -0.015308641418321941 -0.01721660156048927 
0.646 -0.00406179225081449 -0.009754979182120775 -0.01530441428528518 -0.01723231583403077 
0.647 -0.0039403570845803725 -0.009691969820796825 -0.015298719361323255 -0.017246780786059793 
0.648 -0.003816209283409521 -0.009626864075646323 -0.015291534407196916 -0.01725997501586687 
0.649 -0.0036893232421011902 -0.009559638046878788 -0.015282837231290277 -0.01727187714429371 
0.65 -0.0035596735721361863 -0.009490267969193916 -0.015272605695169807 -0.01728246581921267 
0.651 -0.003427235107387969 -0.00941873021741387 -0.015260817719095104 -0.017291719720912098 
0.652 -0.0032919829097886066 -0.00934500131207021 -0.015247451287463826 -0.017299617567447814 
0.653 -0.003153892274949587 -0.009269057924935292 -0.015232484454221228 -0.017306138119928496 
0.654 -0.003012938737738786 -0.00919087688450906 -0.01521589534819146 -0.017311260187711112 
0.655 -0.002869098077812344 -0.009110435181452985 -0.015197662178365523 -0.017314962633618054 
0.656 -0.002722346325104242 -0.009027709973977869 -0.015177763239145449 -0.01731722437900682 
0.657 -0.0025726597652694317 -0.008942678593184556 -0.015156176915527706 -0.01731802440885623 
0.658 -0.00242001494508543 -0.00885531854835424 -0.015132881688222754 -0.017317341776769118 
0.659 -0.0022643886778084092 -0.008765607532195302 -0.015107856138762229 -0.017315155609935434 
0.66 -0.0021057580484849675 -0.008673523426039824 -0.015081078954531374 -0.017311445114002684 
0.661 -0.0019441004192207179 -0.008579044304994555 -0.015052528933730365 -0.01730618957798136 
0.662 -0.001779393434401529 -0.008482148443046856 -0.015022184990346946 -0.017299368379005982 
0.663 -0.0016116150258724126 -0.008382814318122486 -0.01499002615902124 -0.017290960987112625 
0.664 -0.001440743418068773 -0.008281020617095874 -0.014956031599909157 -0.017280946969935485 
0.665 -0.001266757133102105 -0.008176746240754635 -0.014920180603463295 -0.017269305997366383 
0.666 -0.0010896349957995456 -0.008069970308719239 -0.01488245259519288 -0.017256017846175094 
0.667 -0.0009093561386951221 -0.007960672164311415 -0.014842827140359612 -0.017241062404549718 
0.668 -0.0007259000069737192 -0.007848831379379646 -0.01480128394865155 -0.017224419676628022 
0.669 -0.0005392463633669246 -0.007734427759073414 -0.0147578028787729 -0.0172060697869787 
0.67 -0.0003493752929984739 -0.007617441346573929 -0.014712363943024954 -0.01718599298499306 
0.671 -0.0001562672081811748 -0.007497852427770709 -0.014664947311818787 -0.017164169649273295 
0.672 4.0097146838873586e-05 -0.007375641535897924 -0.014615533318157141 -0.017140580291992284 
0.673 0.000239736691187392 -0.0072507894561125545 -0.014564102462051748 -0.01711520556312459 
0.674 0.00044267000272123056 -0.007123277230031544 -0.014510635414913568 -0.017088026254737945 
0.675 0.0006489153134399036 -0.006993086160211164 -0.014455113023890532 -0.017059023305136724 
0.676 0.0008584905049521321 -0.006860197814585112 -0.014397516316143506 -0.0170281778030552 
0.677 0.0010714131039958159 -0.006724594030842377 -0.014337826503116276 -0.016995470991717564 
0.678 0.0012877002780161298 -0.006586256920759886 -0.014276024984697667 -0.0169608842729321 
0.679 0.0015073688307989622 -0.006445168874481766 -0.014212093353405883 -0.01692439921107362 
0.68 0.0017304351981621859 -0.006301312564743007 -0.014146013398473807 -0.01688599753704489 
0.681 0.0019569154437065325 -0.006154670951044624 -0.014077767109898673 -0.01684566115221475 
0.682 0.0021868252546256633 -0.006005227283770618 -0.01400733668247409 -0.016803372132268398 
0.683 0.002420179937577276 -0.00585296510825255 -0.01393470451972405 -0.016759112731034035 
0.684 0.0026569944146151736 -0.005697868268779235 -0.013859853237833503 -0.01671286538427101 
0.685 0.0028972832191854043 -0.005539920912547578 -0.013782765669500352 -0.01666461271340287 
0.686 0.0031410604921848846 -0.00537910749355969 -0.013703424867757857 -0.016614337529163664 
0.687 0.0033883399780853737 -0.005215412776461229 -0.013621814109735432 -0.016562022835287276 
0.688 0.0036391350211229757 -0.00504882184032175 -0.013537916900368823 -0.016507651832040195 
0.689 0.0038934585615550167 -0.004879320082355962 -0.013451716976071164 -0.01645120791979629 
0.69 0.004151323131983682 -0.004706893221586477 -0.013363198308345587 -0.016392674702521984 
0.691 0.004412740853749047 -0.004531527302442485 -0.013272345107336329 -0.01633203599118465 
0.692 0.004677723433392128 -0.004353208698302234 -0.013179141825357218 -0.016269275807188274 
0.693 0.004946282159188421 -0.004171924114970863 -0.013083573160327301 -0.016204378385688827 
0.694 0.00521842789775362 -0.003987660594094142 -0.012985624059195266 -0.016137328178884237 
0.695 0.005494171090721302 -0.0038004055165127303 -0.012885279721277494 -0.016068109859265926 
0.696 0.005773521751495895 -0.0036101466055467376 -0.012782525601555647 -0.01599670832279312 
0.697 0.006056489462079266 -0.003416871930221058 -0.012677347413928 -0.015923108692056046 
0.698 0.006343083369973635 -0.0032205699084195054 -0.012569731134388574 -0.015847296319324265 
0.699 0.006633312185161622 -0.0030212293099769485 -0.012459663004153673 -0.015769256789612197 
0.7 0.006927184177163764 -0.0028188392596989777 -0.012347129532751818 -0.01568897592364248 
0.701 0.00722470717217419 -0.0026133892403197093 -0.012232117501037741 -0.015606439780770035 
0.702 0.007525888550277652 -0.0024048690953829255 -0.012114613964136026 -0.015521634661874539 
0.703 0.007830735242745603 -0.0021932690320620777 -0.0119946062543727 -0.01543454711215494 
0.704 0.008139253729414807 -0.00197857962390181 -0.011872081984094182 -0.015345163923915937 
0.705 0.008451450036148075 -0.001760791813492653 -0.011747029048471282 -0.015253472139252863 
0.706 0.008767329732378886 -0.0015398969150747339 -0.011619435628213496 -0.015159459052725097 
0.707 0.009086897928739707 -0.0013158866170643224 -0.011489290192247394 -0.015063112213943691 
0.708 0.00941015927477651 -0.0010887529845100034 -0.011356581500301072 -0.014964419430105918 
0.709 0.009737117956748432 -0.0008584884614749874 -0.011221298605469316 -0.014863368768498616 
0.71 0.01006777769551499 -0.0006250858733423501 -0.011083430856679143 -0.014759948558887199 
0.711 0.010402141744511114 -0.00038853842904620683 -0.010942967901114398 -0.014654147395924019 
0.712 0.010740212887810732 -0.00014883972322551832 -0.010799899686581758 -0.0145459541414339 
0.713 0.011081993438279794 9.401626169794291e-05 -0.010654216463786923 -0.014435357926660008 
0.714 0.011427485235819946 0.0003400351535206482 -0.010505908788563296 -0.01432234815447565 
0.715 0.01177668964570233 0.000589222188336108 -0.010354967524055948 -0.014206914501490224 
0.716 0.012129607556994555 0.0008415822086936124 -0.010201383842796865 -0.014089046920131564 
0.717 0.012486239381079102 0.001097119661833331 -0.010045149228745548 -0.013968735640652067 
0.718 0.012846585050266306 0.001355838598008659 -0.009886255479269067 -0.013845971173081933 
0.719 0.013210644016499639 0.0016177426688807684 -0.00972469470700874 -0.013720744309104967 
0.72 0.01357841525015717 0.0018828351260038877 -0.009560459341745828 -0.01359304612388368 
0.721 0.013949897238948473 0.0021511188193839665 -0.009393542132148781 -0.013462867977833907 
0.722 0.01432508798690627 0.002422596196126705 -0.009223936147473159 -0.0133302015183165 
0.723 0.01470398501347608 0.0026972692991655027 -0.009051634779186796 -0.013195038681248062 
0.724 0.015086585352703021 0.0029751397660763147 -0.008876631742535541 -0.013057371692712608 
0.725 0.01547288555251567 0.00325620882797211 -0.008698921078015967 -0.012917193070433175 
0.726 0.015862881674109954 0.0035404773084865048 -0.008518497152810065 -0.012774495625255447 
0.727 0.016256569291430257 0.003827945622841945 -0.008335354662128855 -0.01262927246246081 
0.728 0.016653943490752155 0.004118613777002879 -0.0081494886304738 -0.01248151698315308 
0.729 0.01705499887036335 0.004412481366914476 -0.007960894412864678 -0.01233122288544435 
0.73 0.017459729540346858 0.004709547577832023 -0.007769567695967209 -0.012178384165662555 
0.731 0.017868129122464393 0.005009811183733764 -0.0075755044991399 -0.012022995119475775 
0.732 0.018280190750141423 0.005313270546821142 -0.007378701175435229 -0.011865050342898857 
0.733 0.018695907068554216 0.0056199236171131225 -0.00717915441252067 -0.011704544733347276 
0.734 0.019115270234819983 0.005929767932120245 -0.0069768612334998705 -0.01154147349044942 
0.735 0.019538271918288497 0.006242800616613676 -0.00677181899771015 -0.011375832116983427 
0.736 0.01996490330093801 0.0065590183824828525 -0.0065640254013916086 -0.011207616419620979 
0.737 0.02039515507787435 0.006878417528680093 -0.006353478478329143 -0.01103682250960995 
0.738 0.020829017457933446 0.007200993941257672 -0.006140176600374707 -0.010863446803474465 
0.739 0.021266480164388358 0.0075267430934922355 -0.005924118477948986 -0.010687486023526597 
0.74 0.021707532435760495 0.007855660046103514 -0.00570530316040932 -0.010508937198426613 
0.741 0.022152163026735876 0.00818773944755902 -0.005483730036392534 -0.010327797663569489 
0.742 0.022600360209185343 0.008522975534474215 -0.005259398834041386 -0.010144065061499933 
0.743 0.023052111773290668 0.008861362132100615 -0.00503230962119054 -0.009957737342178023 
0.744 0.0235074050287758 0.009202892654905152 -0.004802462805451383 -0.009768812763212457 
0.745 0.023966226806242982 0.009547560107243506 -0.0045698591342408544 -0.00957728989000935 
0.746 0.02442856345861487 0.00989535708412313 -0.004334499694702552 -0.009383167595900362 
0.747 0.024894400862681607 0.010246275772056786 -0.004096385913594299 -0.009186445062147258 
0.748 0.02536372442075504 0.010600307950012091 -0.0038555195570646058 -0.008987121777816874 
0.749 0.02583651906242667 0.01095744499044752 -0.0036119027303659094 -0.008785197539819815 
0.75 0.02631276924643297 0.011317677860445394 -0.0033655378774935093 -0.008580672452542907 
0.751 0.02679245896262591 0.011680997122932184 -0.00311642778074667 -0.008373546927733047 
0.752 0.027275571734048713 0.012047392937996448 -0.0028645755601883053 -0.008163821684067613 
0.753 0.027762090619118922 0.012416855064292442 -0.002609984673089118 -0.007951497746829215 
0.754 0.02825199821391516 0.012789372860540727 -0.0023526589132218155 -0.007736576447357545 
0.755 0.028745276654570818 0.013164935287117591 -0.0020926024101215065 -0.0075190594225872966 
0.756 0.029241907619772477 0.013543530907740643 -0.0018298196282642296 -0.007298948614414825 
0.757 0.029741872333364422 0.013925147891238117 -0.0015643153661680097 -0.007076246268958293 
0.758 0.030245151567057312 0.014309774013420205 -0.001296094755397647 -0.006850954935894107 
0.759 0.030751725643242335 0.014697396659032875 -0.0010251632595175914 -0.00662307746760148 
0.76 0.031261574437910125 0.015088002823809395 -0.0007515266729568284 -0.006392617018251524 
0.761 0.03177467738367426 0.015481579116609804 -0.0004751911198085516 -0.0061595770428878064 
0.762 0.0322910134728982 0.015878111761651024 -0.00019616305251885148 -0.005923961296369714 
0.763 0.03281056126092762 0.01627758660083124 8.555074944260401e-05 -0.005685773832285098 
0.764 0.0333332988694249 0.01667998909614157 0.00036994318106158626 -0.005445019001785459 
0.765 0.03385920398980757 0.017085304332168753 0.0006570068132488753 -0.005201701452361123 
0.766 0.03438825388678938 0.01749351701868881 0.00094673389447541 -0.00495582612649729 
0.767 0.034920425402025196 0.017904611493349477 0.0012391163524094028 -0.004707398260378841 
0.768 0.03545569495785538 0.018318571724442786 0.00153414579566092 -0.004456423382349426 
0.769 0.035994038561154636 0.01873538131376709 0.001831813515621111 -0.0042029073114734665 
0.77 0.036535431807279965 0.019155023499574975 0.002132110488332511 -0.003946856155941179 
0.771 0.03707984988412082 0.019577481159612966 0.00243502737646761 -0.0036882763114307405 
0.772 0.03762726757624877 0.02000273681424826 0.0027405545313497048 -0.0034271744593860924 
0.773 0.03817765926916642 0.020430772629680315 0.0030486819951068105 -0.0031635575652415268 
0.774 0.03873099895365671 0.020861570421243588 0.0033593995028186594 -0.0028974328765771448 
0.775 0.03928726023022964 0.021295111656793396 0.0036726964848109223 -0.0026288079212069193 
0.776 0.03984641631366691 0.02173137746017868 0.0039885620689709125 -0.002357690505220282 
0.777 0.04040844003766518 0.022170348614801376 0.004306985083159111 -0.0020840887109285482 
0.778 0.04097330385957459 0.022612005567259497 0.004627954057696573 -0.001808010894729242 
0.779 0.04154097986523343 0.023056328431075395 0.0049514572279209515 -0.0015294656849946437 
0.78 0.04211143977389889 0.023503296990506777 0.005277482536782478 -0.001248461979785574 
0.781 0.04268465494327144 0.02395289070444243 0.005606017637567438 -0.0009650089445696308 
0.782 0.04326059637461361 0.02440508871037851 0.0059370498966407 -0.0006791160098760491 
0.783 0.04383923471796169 0.024859869828479094 0.006270566396304817 -0.00039079286883524956 
0.784 0.04442054027742957 0.025317212565715893 0.006606553937674671 -0.00010004947472674667 
0.785 0.045004483016603675 0.025777095120090143 0.006944999043672037 0.00019310396158831746 
0.786 0.04559103256402943 0.026239495384932227 0.007285887962045293 0.000488656974282757 
0.787 0.04618015821878624 0.02670439095328431 0.007629206668507032 0.0007865988452181518 
0.788 0.046771828956152506 0.027171759122356767 0.007974940869875725 0.0010869186066883726 
0.789 0.04736601343335763 0.02764157689806474 0.008323076007340592 0.0013896050441940498 
0.79 0.0479626799954216 0.02811382099964132 0.00867359725976333 0.00169464669932074 
0.791 0.04856179668108036 0.028588467864326537 0.009026489547043333 0.002002031872618117 
0.792 0.04916333122879635 0.029065493652132894 0.009381737533572658 0.002311748626575486 
0.793 0.04976725108285364 0.029544874250681155 0.009739325631716495 0.002623784788654558 
0.794 0.050373523399534985 0.03002658528011487 0.010099238005392063 0.002938127954364052 
0.795 0.05098211505338257 0.03051060209808384 0.010461458573699102 0.003254765490374356 
0.796 0.05159299264353786 0.03099689980480135 0.010825971014592062 0.0035736845377420576 
0.797 0.052206122500163654 0.03148545324817045 0.011192758768653143 0.003894872015129909 
0.798 0.05282147069094263 0.03197623702898118 0.011561805042880896 0.004218314622113607 
0.799 0.05343900302765565 0.03246922550617776 0.011933092814579088 0.004543998842535203 
0.8 0.05405868507283541 0.0329643928021911 0.012306604835276593 0.004871910947915601 
0.801 0.054680482146495936 0.03346171280834042 0.01268232363471733 0.0052020370008853825 
0.802 0.055304359332936606 0.033961159190299246 0.01306023152491026 0.005534362858715908 
0.803 0.05593028148761879 0.03446270539362807 0.013440310604218643 0.005868874176862128 
0.804 0.05655821324411502 0.03496632464937 0.013822542761533888 0.006205556412573711 
0.805 0.0571881190211279 0.03547198997970783 0.014206909680472684 0.006544394828566544 
0.806 0.05781996302957971 0.035979674203686245 0.014593392843652554 0.006885374496681026 
0.807 0.05845370927976883 0.03648934994299043 0.014981973537006543 0.0072284803016753 
0.808 0.05908932158859381 0.037000989627788486 0.01537263285415529 0.007573696945003245 
0.809 0.05972676358684309 0.03751456550262838 0.015765351700841427 0.00792100894866835 
0.81 0.06036599872654845 0.038030049632395826 0.01616011079937459 0.008270400659075763 
0.811 0.06100699028840171 0.03854741390832507 0.0165568906931857 0.008621856250992637 
0.812 0.061649701389233445 0.039066630054067776 0.016955671751379166 0.008975359731515729 
0.813 0.06229409498955064 0.039587669631811054 0.017356434173360216 0.009330894944080988 
0.814 0.06294013390113397 0.04011050404845507 0.017759157993493178 0.009688445572510444 
0.815 0.0635877807946936 0.04063510456183431 0.0181638230858245 0.010047995145122439 
0.816 0.06423699820757832 0.04116144228699476 0.018570409168824006 0.01040952703884306 
0.817 0.06488774855154185 0.04168948820251763 0.018978895810197387 0.010773024483423217 
0.818 0.0655399941205606 0.04221921315689139 0.019389262431723148 0.011138470565577128 
0.819 0.06619369709870387 0.04275058787492821 0.019801488314139037 0.011505848233300702 
0.82 0.06684881956805402 0.04328358296422942 0.02021555260206021 0.011875140300115524 
0.821 0.06750532351667504 0.04381816892169081 0.020631434308953395 0.012246329449388815 
0.822 0.06816317084662904 0.044354316140053064 0.021049112322133662 0.012619398238675765 
0.823 0.0688223233820374 0.044891994914492334 0.021468565407811706 0.012994329104129414 
0.824 0.06948274287718652 0.04543117544925 0.02188977221615944 0.013371104364888066 
0.825 0.0701443910246764 0.04597182786430384 0.022312711286437064 0.013749706227530151 
0.826 0.07080722946360986 0.046513922202071324 0.022737361052122585 0.014130116790547818 
0.827 0.07147121978782077 0.04705742843415462 0.02316369984611383 0.014512318048852783 
0.828 0.07213632355414121 0.04760231646811452 0.023591705905915094 0.014896291898299385 
0.829 0.07280250229070365 0.04814855615428238 0.02402135737890122 0.015282020140242613 
0.83 0.07346971750527821 0.048696117292598415 0.02445263232757663 0.015669484486138807 
0.831 0.07413793069364306 0.04924496963948596 0.024885508734891454 0.016058666562120835 
0.832 0.07480710334798608 0.04979508291474858 0.025319964509551648 0.016449547913663744 
0.833 0.07547719696533574 0.05034642680849985 0.025755977491384436 0.01684211001020575 
0.834 0.07614817305601995 0.050898970988115674 0.026193525456729122 0.017236334249854084 
0.835 0.07681999315215256 0.05145268510521166 0.026632586123815402 0.017632201964052838 
0.836 0.07749261881614228 0.05200753880264485 0.02707313715822119 0.018029694422322946 
0.837 0.07816601164922614 0.05256350172153425 0.02751515617829499 0.01842879283696936 
0.838 0.07884013330002386 0.05312054350830524 0.027958620760645415 0.01882947836784774 
0.839 0.07951494547311055 0.05367863382174839 0.028403508445618505 0.01923173212713017 
0.84 0.08019040993760927 0.054237742340098434 0.028849796742809748 0.019635535184085853 
0.841 0.08086648853579712 0.05479783876812689 0.029297463136583005 0.02004086856985496 
0.842 0.08154314319172758 0.05535889284424892 0.029746485091619538 0.02044771328229908 
0.843 0.08222033591986382 0.05592087434764425 0.03019684005845479 0.020856050290783232 
0.844 0.08289802883372364 0.05648375310538634 0.030648505479067868 0.021265860541018766 
0.845 0.08357618415453262 0.057047498999583154 0.031101458792437135 0.02167712495990115 
0.846 0.08425476421988541 0.057612081974523686 0.031555677440146396 0.022089824460377595 
0.847 0.08493373149241011 0.058177472043833424 0.03201113887197184 0.022503939946256574 
0.848 0.08561304856843857 0.05874363929763205 0.032467820551500895 0.022919452317118515 
0.849 0.08629267818667695 0.05931055390969449 0.03292569996173109 0.023336342473152364 
0.85 0.08697258323687608 0.05987818614461496 0.033384754610700396 0.02375459132003674 
0.851 0.0876527267684999 0.0604465063649692 0.03384496203710348 0.02417417977380617 
0.852 0.08833307199939054 0.06101548503847568 0.034306299815922536 0.024595088765723402 
0.853 0.08901358232442576 0.06158509274515387 0.034768745564046764 0.025017299247169184 
0.854 0.08969422132417174 0.062155300184476334 0.03523227694591523 0.02544079219449739 
0.855 0.09037495277352318 0.06272607818251565 0.035696871679121674 0.025865548613913242 
0.856 0.0910557406503334 0.06329739769908146 0.036162507540053145 0.026291549546346847 
0.857 0.09173654914403209 0.06386922983484927 0.03662916236951821 0.02671877607230329 
0.858 0.09241734266422467 0.06444154583847628 0.037096814078334095 0.0271472093167366 
0.859 0.09309808584927852 0.0650143171137049 0.037565440652963425 0.027576830453884864 
0.86 0.09377874357488636 0.06558751522645041 0.03803502016110279 0.02800762071212849 
0.861 0.09445928096261075 0.06616111191187381 0.03850553075727139 0.028439561378801527 
0.862 0.09513966338840506 0.0667350790814336 0.03897695068839672 0.028872633805056596 
0.863 0.09581985649110945 0.06730938882992031 0.03944925829938726 0.029306819410614644 
0.864 0.09649982618091926 0.0678840134424677 0.039922432038675904 0.02974209968863224 
0.865 0.0971795386478255 0.06845892540154143 0.040396450463774214 0.03017845621042561 
0.866 0.0978589603700239 0.06903409739390126 0.04087129224678276 0.030615870630272178 
0.867 0.09853805812229127 0.06960950231753825 0.04134693617991572 0.031054324690150136 
0.868 0.09921679898432653 0.07018511328858167 0.041823361180966974 0.031493800224492614 
0.869 0.09989515034905554 0.07076090364817725 0.04230054629879086 0.031934279164863036 
0.87 0.10057307993089618 0.07133684696933076 0.04277847071875018 0.032375743544683956 
0.871 0.10125055577398363 0.0719129170637203 0.04325711376812323 0.03281817550389423 
0.872 0.10192754626035162 0.07248908798847227 0.043736454921509176 0.033261557293593695 
0.873 0.10260402011806892 0.07306533405289815 0.04421647380619978 0.03370587128068036 
0.874 0.10327994642932893 0.07364162982519452 0.044697150207515364 0.034151099952433706 
0.875 0.10395529463849058 0.07421795013909983 0.045178464074121405 0.03459722592108316 
0.876 0.10463003456006705 0.07479427010051024 0.045660395523303615 0.0350442319283649 
0.877 0.10530413638666174 0.0753705650940484 0.04614292484622088 0.03549210085002618 
0.878 0.10597757069684899 0.07594681078958886 0.04662603251312902 0.03594081570029553 
0.879 0.10665030846299729 0.07652298314873092 0.04710969917853359 0.03639035963634662 
0.88 0.10732232105903207 0.07709905843122569 0.04759390568635738 0.036840715962688654 
0.881 0.10799358026813821 0.0776750132013468 0.04807863307502833 0.037291868135566196 
0.882 0.10866405829039803 0.07825082433421046 0.048563862582545775 0.03774379976728605 
0.883 0.10933372775036197 0.07882646902203713 0.04904957565149966 0.03819649463052141 
0.884 0.11000256170455391 0.07940192478035685 0.04953575393404183 0.038649936662556415 
0.885 0.11067053364890338 0.07997716945415279 0.05002237929682184 0.03910410996954129 
0.886 0.11133761752610734 0.08055218122394642 0.05050943382586759 0.039558998830618856 
0.887 0.1120037877329156 0.08112693861181478 0.05099689983141756 0.04001458770210226 
0.888 0.11266901912734094 0.08170142048734606 0.05148475985270857 0.040470861221518606 
0.889 0.11333328703578899 0.08227560607352301 0.051972996662693935 0.040927804211675675 
0.89 0.11399656726010637 0.08284947495254168 0.0524615932727404 0.041385401684622444 
0.891 0.11465883608454688 0.08342300707155423 0.052950532937223065 0.04184363884560292 
0.892 0.11532007028265055 0.08399618274833912 0.053439799158115725 0.04230250109692523 
0.893 0.11598024712403429 0.08456898267689743 0.05392937568946935 0.04276197404179709 
0.894 0.11663934438109345 0.08514138793296805 0.0544192465418649 0.0432220434880814 
0.895 0.11729734033560896 0.08571337997946377 0.05490939598679031 0.04368269545201988 
0.896 0.11795421378526087 0.08628494067182722 0.05539980856095227 0.044143916161888626 
0.897 0.11860994405004333 0.08685605226330002 0.05589046907052013 0.04460569206156623 
0.898 0.11926451097858051 0.08742669741010504 0.05638136259530122 0.04506800981408929 
0.899 0.1199178949543397 0.0879968591765424 0.05687247449284204 0.04553085630507617 
0.9 0.12057007690174026 0.0885665210399914 0.057363790402463304 0.0459942186461551 
0.901 0.12122103829215564 0.08913566689582236 0.05785529624921978 0.046458084178262915 
0.902 0.12187076114980551 0.08970428106220903 0.058346978247758814 0.04692244047490187 
0.903 0.12251922805753594 0.09027234828484833 0.05883882290614406 0.047387275345320605 
0.904 0.12316642216248598 0.09083985374157263 0.059330817029546234 0.047852576837603425 
0.905 0.1238123271816351 0.0914067830468676 0.05982294772389063 0.04831833324171076 
0.906 0.12445692740723528 0.09197312225627806 0.06031520239938981 0.048784533092409404 
0.907 0.125100207712115 0.09253885787071059 0.060807568774016704 0.049251165172133377 
0.908 0.12574215355486484 0.0931039768406248 0.06130003487684592 0.04971821851376008 
0.909 0.12638275098489157 0.0936684665701112 0.061792589051342564 0.050185682403304364 
0.91 0.12702198664734288 0.09423231492085636 0.06228521995852841 0.05065354638251246 
0.911 0.12765984778790163 0.094795510215987 0.06277791658006246 0.05112180025136876 
0.912 0.12829632225744153 0.09535804124379804 0.06327066822120857 0.05159043407050322 
0.913 0.12893139851654786 0.09591989726135472 0.0637634645137109 0.05205943816352472 
0.914 0.12956506563989417 0.09648106799796762 0.06425629541856218 0.05252880311921714 
0.915 0.1301973133204774 0.09704154365854552 0.064749151228652 0.052998519793663615 
0.916 0.13082813187370562 0.09760131492680917 0.06524202257131104 0.053468579312239736 
0.917 0.13145751224133664 0.09816037296837571 0.06573490041074243 0.05393897307154471 
0.918 0.13208544599526195 0.09871870943370588 0.06622777605033249 0.05440969274115983 
0.919 0.13271192534113904 0.09927631646090918 0.06672064113483027 0.054880730265343985 
0.92 0.1333369431218609 0.09983318667840688 0.06721348765243498 0.05535207786457488 
0.921 0.13396049282086786 0.10038931320744973 0.06770630793670811 0.05582372803700479 
0.922 0.13458256856529044 0.10094468966448537 0.0681990946684075 0.05629567355977404 
0.923 0.13520316512892816 0.10149931016337183 0.06869184087714485 0.05676790749018788 
0.924 0.13582227793505536 0.10205316931744066 0.06918453994293482 0.05724042316679623 
0.925 0.13643990305905018 0.10260626224139258 0.0696771855975898 0.05771321421030045 
0.926 0.13705603723085083 0.1031585845530389 0.07016977192598009 0.05818627452435575 
0.927 0.13767067783722586 0.10371013237487124 0.07066229336713727 0.05865959829622498 
0.928 0.1382838229238622 0.10426090233546291 0.07115474471521369 0.059133179997261 
0.929 0.13889547119726245 0.10481089157070231 0.07164712112029031 0.059607014383302674 
0.93 0.13950562202645456 0.1053600977248399 0.07213941808901284 0.06008109649483643 
0.931 0.14011427544449978 0.10590851895136062 0.0726316314850882 0.06055542165708989 
0.932 0.1407214321498069 0.10645615391367348 0.0731237575295877 0.06102998547989157 
0.933 0.14132709350723924 0.1070030017856078 0.07361579280110478 0.0615047838574043 
0.934 0.14193126154901683 0.1075490622517202 0.0741077342357164 0.06197981296770575 
0.935 0.14253393897540573 0.10809433550740354 0.07459957912679065 0.06245506927213599 
0.936 0.14313512915519414 0.10863882225879327 0.07509132512458087 0.06293054951454358 
0.937 0.1437348361259471 0.10918252372247475 0.0755829702356646 0.06340625072028003 
0.938 0.1443330645940378 0.10972544162497344 0.07607451282215724 0.06388217019506057 
0.939 0.14492981993445178 0.11026757820203506 0.07656595160076625 0.06435830552360783 
0.94 0.14552510819035933 0.11080893619768825 0.07705728564159711 0.06483465456809603 
0.941 0.14611893607244805 0.11134951886307873 0.07754851436679815 0.06531121546640978 
0.942 0.14671131095801584 0.11188932995507966 0.07803963754896574 0.06578798663018143 
0.943 0.14730224088981778 0.11242837373466687 0.07853065530934272 0.06626496674260308 
0.944 0.14789173457466057 0.11296665496505545 0.07902156811578258 0.06674215475610075 
0.945 0.14847980138174052 0.11350417890959372 0.07951237678050406 0.0672195498896335 
0.946 0.1490664513407206 0.11404095132940692 0.08000308245760117 0.06769715162592914 
0.947 0.14965169513954202 0.11457697848078748 0.08049368664031217 0.06817495970836235 
0.948 0.1502355441219611 0.11511226711232472 0.08098419115804305 0.06865297413764677 
0.949 0.15081801028481104 0.11564682446176797 0.08147459817315587 0.06913119516828968 
0.95 0.1513991062749797 0.11618065825262221 0.08196491017746979 0.06960962330474157 
0.951 0.15197884538609774 0.11671377669045815 0.08245512998852812 0.0700882592973292 
0.952 0.15255724155493236 0.1172461884589473 0.08294526074559107 0.07056710413790533 
0.953 0.15313430935748246 0.11777790271560083 0.08343530590530912 0.07104615905524658 
0.954 0.15371006400476234 0.1183089290872134 0.08392526923719423 0.07152542551009977 
0.955 0.15428452133827492 0.11883927766500633 0.08441515481871403 0.07200490519003386 
0.956 0.1548576978251654 0.11936895899945581 0.08490496703015639 0.07248460000394677 
0.957 0.1554296105530453 0.11989798409481074 0.0853947105491453 0.07296451207624566 
0.958 0.15600027722448656 0.12042636440328004 0.0858843903448633 0.07344464374077074 
0.959 0.15656971615117204 0.12095411181889239 0.08637401167196443 0.07392499753436374 
0.96 0.1571379462476996 0.1214812386710172 0.08686358006413357 0.0744055761901294 
0.961 0.15770498702503102 0.12200775771753704 0.08735310132732862 0.07488638263032886 
0.962 0.15827085858357767 0.12253368213767009 0.08784258153268465 0.07536741995898408 
0.963 0.15883558160591568 0.12305902552442533 0.08833202700904198 0.07584869145406643 
0.964 0.15939917734912132 0.1235838018766902 0.08882144433514677 0.07633020055938641 
0.965 0.1599616676367232 0.12410802559094139 0.08931084033146112 0.07681195087606882 
0.966 0.16052307485025327 0.12463171145256474 0.08980022205159714 0.07729394615368525 
0.967 0.16108342192039996 0.12515487462678063 0.09028959677337896 0.07777619028093549 
0.968 0.16164273231774487 0.1256775306491671 0.09077897198949916 0.07825868727604457 
0.969 0.16220103004307856 0.12619969541576526 0.0912683553977672 0.07874144127662579 
0.97 0.16275833961728606 0.12672138517276277 0.09175775489095761 0.07922445652921674 
0.971 0.16331468607079 0.1272426165057456 0.09224717854623196 0.07970773737836431 
0.972 0.16387009493254615 0.12776340632850564 0.09273663461410447 0.08019128825525562 
0.973 0.16442459221857514 0.12828377187139833 0.09322613150700909 0.08067511366592578 
0.974 0.16497820442002692 0.12880373066923334 0.09371567778737212 0.08115921817899478 
0.975 0.16553095849076166 0.1293233005486967 0.0942052821552429 0.08164360641295723 
0.976 0.16608288183443917 0.12984249961528713 0.09469495343545255 0.08212828302297512 
0.977 0.16663400229110664 0.13036134623975748 0.09518470056426916 0.08261325268717223 
0.978 0.1671843481232708 0.13087985904405255 0.09567453257557826 0.08309852009248339 
0.979 0.16773394800144603 0.1313980568867289 0.09616445858655934 0.08358408991991449 
0.98 0.1682828309891618 0.13191595884784882 0.09665448778281444 0.08406996682936717 
0.981 0.16883102652742485 0.13243358421332985 0.09714462940300421 0.08455615544383899 
0.982 0.16937856441861565 0.13295095245875027 0.09763489272293929 0.0850426603331686 
0.983 0.16992547480981177 0.13346808323258413 0.0981252870390834 0.08552948599715919 
0.984 0.17047178817552464 0.1339849963388627 0.0986158216515493 0.08601663684816041 
0.985 0.17101753529983316 0.13450171171925202 0.09910650584646315 0.08650411719307988 
0.986 0.1715627472579059 0.1350182494345207 0.09959734887779866 0.08699193121479468 
0.987 0.17210745539689346 0.13553462964540353 0.10008835994856685 0.08748008295294138 
0.988 0.1726516913161788 0.1360508725928295 0.10057954819141443 0.08796857628411474 
0.989 0.1731954868469725 0.13656699857751697 0.10107092264859294 0.08845741490143465 
0.99 0.17373887403123575 0.13708302793890972 0.10156249225130375 0.08894660229346966 
0.991 0.17428188509991768 0.1375989810334489 0.10205426579837289 0.08943614172251042 
0.992 0.17482455245049283 0.138114878212162 0.1025462519342896 0.08992603620216164 
0.993 0.17536690862377996 0.138630739797557 0.10303845912654273 0.09041628847429543 
0.994 0.1759089862800283 0.13914658605980718 0.10353089564230218 0.09090690098527171 
0.995 0.17645081817425826 0.13966243719221424 0.10402356952437444 0.0913978758614923 
0.996 0.17699243713083473 0.14017831328592686 0.10451648856645279 0.09188921488422402 
0.997 0.1775338760172586 0.1406942343039141 0.10500966028765724 0.09238091946368696 
0.998 0.17807516771716075 0.14121022005416503 0.1055030919063087 0.09287299061244098 
0.999 0.17861634510248095 0.1417262901621075 0.10599679031297542 0.0933654289179573 
1.0 0.17915744100481296 0.14224246404223043 0.10649076204274309 0.09385823451450033 
