0.0 0.002517134537501517 0.002689159613937841 0.0028787725367035604 0.002948542149234925 
0.001 0.0025171909705258345 0.0026892163551348936 0.0028788295645114145 0.0029485992916064457 
0.002 0.002517303293189462 0.0026893292912702972 0.0028789430712016363 0.002948713026365965 
0.003 0.002517470985238996 0.0026894978994343208 0.002879112531433403 0.002948882827178222 
0.004 0.002517693548913172 0.0026897216794237316 0.002879337442768683 0.0029491081907136885 
0.005 0.002517970508330659 0.002690000153125723 0.0028796173250738794 0.0029493886360192267 
0.006 0.002518301408902729 0.002690332863924215 0.002879951719921839 0.002949723703918665 
0.007 0.0025186858167702162 0.002690719376135011 0.0028803401900120962 0.002950112956451526 
0.008 0.002519123318264328 0.002691159274460906 0.0028807823186309707 0.0029505559763096 
0.009 0.002519613519387583 0.002691652163471036 0.0028812777091218075 0.0029510523663262836 
0.01 0.002520156045319397 0.002692197667099609 0.0028818259843853924 0.0029516017489567554 
0.011 0.002520750539939427 0.0026927954281678653 0.0028824267863943966 0.0029522037658118614 
0.012 0.00252139666537 0.0026934451079219904 0.002883079775728384 0.002952858077154317 
0.013 0.0025220941015398493 0.0026941463855943027 0.0028837846311325008 0.0029535643615092528 
0.014 0.0025228425457627644 0.0026948989579783696 0.0028845410490869966 0.002954322315192812 
0.015 0.0025236417123356437 0.002695702539021294 0.0028853487434074092 0.002955131651905908 
0.016 0.0025244913321511276 0.0026965568594381137 0.0028862074448294415 0.002955992102366137 
0.017 0.0025253911523272655 0.0026974616663328335 0.002887116900662167 0.002956903413911976 
0.018 0.0025263409358527375 0.002698416722844876 0.002888076874399397 0.002957865350117288 
0.019 0.002527340461244725 0.002699421807800886 0.002889087145391585 0.0029588776905005013 
0.02 0.002528389522221873 0.002700476715388658 0.002890147508506572 0.002959940230130543 
0.021 0.002529487927391134 0.0027015812548361 0.0028912577737989706 0.0029610527793491347 
0.022 0.0025306354999466906 0.0027027352501114727 0.002892417766228545 0.002962215163426427 
0.023 0.002531832077381788 0.0027039385396299604 0.0028936273253384387 0.0029634272223147727 
0.024 0.002533077511211744 0.0027051909759769318 0.002894886305000668 0.002964688810318227 
0.025 0.002534371666709806 0.0027064924256384863 0.002896194573118349 0.0029659997958454234 
0.026 0.0025357144226533235 0.002707842768744861 0.0028975520113922165 0.0029673600611484444 
0.027 0.002537105671079839 0.0027092418988274567 0.0028989585150563054 0.0029687695020628635 
0.028 0.002538545317055279 0.0027106897225807488 0.002900413992650004 0.002970228027796621 
0.029 0.0025400332784501455 0.0027121861596389953 0.0029019183657806595 0.002971735560656663 
0.03 0.002541569485726957 0.002713731142359401 0.002903471568910178 0.002973292035876373 
0.031 0.002543153881735949 0.0027153246156170433 0.0029050735491541585 0.002974897401374678 
0.032 0.0025447864215203653 0.002716966536606605 0.0029067242660702998 0.002976551617570679 
0.033 0.0025464670721296904 0.0027186568746550097 0.0029084236914725253 0.0029782546571858813 
0.034 0.0025481958124416947 0.0027203956110399444 0.0029101718092557263 0.0029800065050626695 
0.035 0.002549972632992818 0.0027221827388189002 0.0029119686152071435 0.002981807157995757 
0.036 0.0025517975358162206 0.00272401826266583 0.002913814116853826 0.002983656624556085 
0.037 0.002553670534287297 0.002725902198712542 0.002915708333295676 0.0029855549249273483 
0.038 0.002555591652976123 0.0027278345744025036 0.0029176512950619803 0.002987502090781143 
0.039 0.0025575609275084814 0.002729815428346705 0.002919643043955813 0.0029894981650969163 
0.04 0.002559578404432766 0.002731844810191317 0.0029216836329394886 0.0029915432020506095 
0.041 0.002561644141092126 0.0027339227804863728 0.0029237731259697387 0.002993637266867729 
0.042 0.0025637582055088384 0.0027360494105691945 0.0029259115979160056 0.0029957804357117973 
0.043 0.002565920676267451 0.0027382247824455615 0.002928099134410955 0.002997972795568306 
0.044 0.0025681316424094732 0.0027404489886831297 0.0029303358317564693 0.0030002144441168602 
0.045 0.002570391203331447 0.002742722132307532 0.0029326217968140486 0.0030025054896388854 
0.046 0.002572699468690812 0.002745044326706699 0.002934957146912077 0.0030048460509315787 
0.047 0.002575056558316288 0.0027474156955404274 0.0029373420097397076 0.0030072362571763422 
0.048 0.0025774626021241877 0.002749836372652682 0.0029397765232802527 0.0030096762478864 
0.049 0.0025799177400401482 0.0027523065019961924 0.0029422608357089065 0.003012166172827113 
0.05 0.002582422121926471 0.002754826237553795 0.002944795105340014 0.0030147061919018744 
0.051 0.002584975907513963 0.0027573957432727313 0.0029473795005280556 0.003017296475120869 
0.052 0.0025875792663404215 0.002760015192999574 0.0029500141996340805 0.0030199372025211703 
0.053 0.0025902323776923835 0.002762684770419754 0.002952699390937956 0.0030226285640974205 
0.054 0.002592935430552333 0.002765404669007185 0.0029554352726009255 0.0030253707597618345 
0.055 0.002595688623551834 0.002768175091972978 0.0029582220526085134 0.0030281639992794426 
0.056 0.0025984921649263443 0.002770996252219599 0.0029610599487219246 0.0030310085022213157 
0.057 0.0026013462724810074 0.0027738683723068465 0.002963949188447648 0.003033904497941028 
0.058 0.00260425117355325 0.0027767916844113017 0.0029668900089883767 0.0030368522255349363 
0.059 0.002607207104984327 0.002779766430298698 0.0029698826572216374 0.00303985193377317 
0.06 0.002610214313094661 0.0027827928612977203 0.002972927389671174 0.0030429038811235908 
0.061 0.0026132730536626812 0.0027858712382774877 0.0029760244724745277 0.0030460083357140987 
0.062 0.002616383591909948 0.0027890018316307536 0.0029791741813770703 0.0030491655752758573 
0.063 0.0026195462024871975 0.002792184921261197 0.00298237680171458 0.0030523758871841486 
0.064 0.0026227611694678876 0.0027954207965748715 0.0029856326284008 0.003055639568414151 
0.065 0.0026260287863444872 0.0027987097564752053 0.0029889419659203786 0.003058956925547157 
0.066 0.0026293493560274024 0.0028020521093621224 0.002992305128331466 0.0030623282747600437 
0.067 0.002632723190851588 0.0028054481731370857 0.0029957224392690974 0.0030657539418394732 
0.068 0.002636150612580817 0.0028088982752072903 0.0029991942319450167 0.0030692342621753558 
0.069 0.0026396319524274307 0.0028124027525036153 0.0030027208491748393 0.003072769580786845 
0.07 0.002643167551061902 0.0028159619514913237 0.0030063026433711526 0.0030763602523259967 
0.071 0.0026467577586355437 0.00281957622819067 0.0030099399765764166 0.00308000664108927 
0.072 0.002650402934805061 0.0028232459482002313 0.0030136332204858743 0.003083709121069391 
0.073 0.0026541034487595544 0.0028269714867263664 0.0030173827564654834 0.0030874680759438353 
0.074 0.002657859679252638 0.00283075322861148 0.003021188975591654 0.0030912838991292474 
0.075 0.0026616720146394215 0.002834591568372465 0.003025052278679553 0.0030951569938116796 
0.076 0.002665540852913861 0.002838486910236113 0.0030289730763290853 0.00309908777298897 
0.077 0.0026694666017541236 0.002842439668186448 0.003032951788957591 0.0031030766594967404 
0.078 0.002673449678566393 0.002846450266006204 0.003036988846852856 0.0031071240860718096 
0.079 0.0026774905105422784 0.002850519137333675 0.003041084690223683 0.003111230495396971 
0.08 0.002681589534707165 0.00285464672571213 0.003045239769249503 0.00311539634014297 
0.081 0.0026857471979816355 0.0028588334846520796 0.00304945454414264 0.0031196220830602716 
0.082 0.002689963957243463 0.002863079877688409 0.0030537294852090615 0.003123908196986768 
0.083 0.0026942402793933866 0.002867386378450669 0.003058065072911571 0.003128255164974088 
0.084 0.0026985766414257236 0.0028717534707318943 0.003062461797939451 0.00313266348030534 
0.085 0.0027029735305014306 0.0028761816485611286 0.0030669201612880106 0.0031371336465976824 
0.086 0.0027074314440266195 0.002880671416283584 0.0030714406743291398 0.00314166617788366 
0.087 0.002711950889731709 0.002885223288636808 0.003076023858895351 0.0031462615986538557 
0.088 0.0027165323857626564 0.002889837790844694 0.0030806702473651017 0.0031509204439988292 
0.089 0.0027211764607649536 0.0028945154587006914 0.0030853803827615147 0.0031556432596627124 
0.09 0.0027258836539778655 0.0028992568386621916 0.003090154818820631 0.0031604306021369966 
0.091 0.002730654515333619 0.0029040624879487164 0.003094994120120371 0.003165283038763615 
0.092 0.002735489605556118 0.002908932974643803 0.0030998988621536976 0.003170201147838143 
0.093 0.002740389496268433 0.002913868877799029 0.003104869631456587 0.0031751855187240174 
0.094 0.0027453547701008687 0.0029188707875450214 0.0031099070257057963 0.00318023675194088 
0.095 0.0027503860208021483 0.0029239393052028573 0.003115011653833984 0.003185355459307942 
0.096 0.002755483853364741 0.0029290750434074787 0.0031201841361537426 0.003190542264022987 
0.097 0.002760648884138533 0.0029342786262252342 0.0031254251044725394 0.0031957978008307986 
0.098 0.002765881740959793 0.002939550689280089 0.0031307352022228027 0.0032011227161113306 
0.099 0.0027711830632814855 0.0029448918798878885 0.003136115084596224 0.003206517668031059 
0.1 0.0027765535023078973 0.0029503028571869778 0.0031415654186747054 0.003211983326666313 
0.101 0.0027819937211325803 0.0029557842922820184 0.00314708688357298 0.003217520374173015 
0.102 0.0027875043948805992 0.0029613368683825735 0.003152680170579461 0.0032231295048888216 
0.103 0.0027930862108627936 0.0029669612809602136 0.0031583459833100097 0.0032288114254998388 
0.104 0.0027987398687208363 0.0029726582378944385 0.003164085037862439 0.0032345668552319746 
0.105 0.0028044660805870577 0.0029784284596326683 0.0031698980629708243 0.003240396525935087 
0.106 0.002810265571246108 0.0029842726793530023 0.0031757858001723992 0.0032463011823172156 
0.107 0.0028161390783010363 0.002990191643131127 0.003181749003968671 0.003252281582057905 
0.108 0.002822087352342262 0.0029961861101111117 0.003187788442002153 0.0032583384960258167 
0.109 0.0028281111571308148 0.0030022568526869536 0.0031939048952500534 0.0032644727084424788 
0.11 0.002834211269771958 0.0030084046566817156 0.0032000991581762985 0.003270685017038633 
0.111 0.0028403884809039396 0.00301463032153409 0.0032063720389449045 0.003276976233288016 
0.112 0.002846643594889819 0.0030209346604908875 0.003212724359609502 0.003283347182566193 
0.113 0.002852977430011886 0.0030273185008071416 0.0032191569562966633 0.003289798704365044 
0.114 0.00285939081867416 0.0030337826839442017 0.0032256706794300603 0.003296331652496584 
0.115 0.0028658846076126377 0.0030403280657859276 0.0032322663939262997 0.003302946895294638 
0.116 0.0028724596581047165 0.0030469555168466545 0.003238944979417391 0.0033096453158495878 
0.117 0.002879116846186791 0.0030536659224919276 0.003245707330472235 0.00331642781220656 
0.118 0.0028858570628799837 0.0030604601831647153 0.00325255435681485 0.0033232952976107585 
0.119 0.002892681214418778 0.003067339214616979 0.0032594869835668 0.0033302487007311424 
0.12 0.0028995902224840412 0.003074303948142997 0.0032665061514831695 0.003337288965898208 
0.121 0.0029065850244523257 0.003081355330830987 0.0032736128171952697 0.003344417053354191 
0.122 0.0029136665736364605 0.0030884943258056735 0.0032808079534635847 0.0033516339395093108 
0.123 0.002920835839541246 0.003095721912486271 0.003288092549431719 0.003358940617196598 
0.124 0.0029280938081242052 0.0031030390868474127 0.003295467610901436 0.0033663380959233417 
0.125 0.002935441482059805 0.0031104468616875505 0.0033029341605776293 0.003373827402165492 
0.126 0.002942879881019745 0.0031179462669099858 0.0033104932383868652 0.003381409579625244 
0.127 0.002950410041946829 0.0031255383497993273 0.003318145901722313 0.0033890856895336663 
0.128 0.002958033019342875 0.0031332241753121064 0.003325893225756938 0.003396856810918783 
0.129 0.002965749885564931 0.0031410048263732955 0.0033337363037368767 0.003404724040947615 
0.13 0.002973561731122289 0.003148881404179263 0.0033416762472751244 0.0034126884951580986 
0.131 0.002981469664992792 0.003156855028513011 0.003349714186694001 0.003420751307876765 
0.132 0.002989474814932822 0.003164926838058576 0.003357851271314382 0.003428913632450474 
0.133 0.0029975783278021685 0.003173097990727785 0.003366088669809743 0.0034371766416095087 
0.134 0.003005781369896177 0.0031813696639961257 0.003374427570518707 0.0034455415278169936 
0.135 0.003014085127283219 0.0031897430552416963 0.003382869181816022 0.003454009503599114 
0.136 0.00302249080615933 0.003198219382103003 0.003391414732446035 0.0034625818018999104 
0.137 0.00303099963319735 0.0032067998828325867 0.0034000654718944028 0.003471259676457497 
0.138 0.003039612855914149 0.00321548581666451 0.0034088226707496326 0.003480044402162455 
0.139 0.0030483317430440027 0.0032242784641931008 0.0034176876211021692 0.0034889372754313857 
0.14 0.003057157584917912 0.0032331791277554305 0.0034266616369032577 0.0034979396146215536 
0.141 0.003066091693863808 0.003242189131833068 0.0034357460543906655 0.0035070527604135404 
0.142 0.00307513540459923 0.0032513098234490897 0.00344494223248319 0.003516278076217439 
0.143 0.0030842900746443926 0.003260542572587371 0.0034542515531980986 0.0035256169485953478 
0.144 0.0030935570847397675 0.0032698887726071353 0.0034636754220757566 0.0035350707876923787 
0.145 0.0031029378392841505 0.0032793498406927047 0.0034732152686298666 0.0035446410276773832 
0.146 0.003112433766768169 0.0032889272182849284 0.0034828725467779165 0.0035543291271878615 
0.147 0.0031220463202269537 0.0032986223715397475 0.003492648735319376 0.003564136569785668 
0.148 0.0031317769776997655 0.0033084367917935753 0.003502545338384974 0.0035740648644262242 
0.149 0.0031416272427108316 0.0033183719960450677 0.003512563885927897 0.0035841155459736818 
0.15 0.0031515986447457913 0.0033284295274378104 0.003522705934225467 0.0035942901756334036 
0.151 0.003161692739749561 0.0033386109557627225 0.003532973066367081 0.0036045903415230026 
0.152 0.003171911110631344 0.0033489178779653574 0.003543366892767749 0.0036150176591410008 
0.153 0.0031822553677927634 0.0033593519186830953 0.003553889051723194 0.003625573771929525 
0.154 0.003192727149651646 0.00336991473076861 0.0035645412099241714 0.0036362603517972603 
0.155 0.0032033281231867855 0.0033806079958424327 0.00357532506302314 0.0036470790996689715 
0.156 0.0032140599845037593 0.0033914334248631496 0.0035862423361960713 0.003658031746091784 
0.157 0.0032249244593994214 0.0034023927586973655 0.0035972947847331582 0.003669120051780909 
0.158 0.0032359233039476808 0.003413487768709902 0.0036084841946261584 0.0036803458082293873 
0.159 0.003247058305097843 0.0034247202573689053 0.003619812383172333 0.0036917108383243153 
0.16 0.0032583312812948548 0.0034360920588694128 0.0036312811996206417 0.0037032169969664673 
0.161 0.0032697440831007027 0.003447605039763029 0.0036428925257846884 0.0037148661717154156 
0.162 0.0032812985938370886 0.003459261099605536 0.003654648276712743 0.003726660283448008 
0.163 0.0032929967302530185 0.0034710621716295548 0.0036665504013625432 0.0037386012870244327 
0.164 0.0033048404431920034 0.003483010223419123 0.0036786008832797226 0.0037506911719860686 
0.165 0.0033168317182861724 0.0034951072576093443 0.0036908017412963195 0.0037629319632467655 
0.166 0.0033289725766608882 0.003507355312598699 0.0037031550302625066 0.003775325721843894 
0.167 0.003341265075670533 0.00351975646329071 0.003715662841788757 0.00378787454564056 
0.168 0.0033537113096321776 0.0035323128218332465 0.0037283273049887673 0.0038005805701250474 
0.169 0.0033663134105865267 0.0035450265383901824 0.0037411505872623108 0.003813445969154306 
0.17 0.0033790735490883523 0.0035578998019337132 0.0037541348950905053 0.0038264729557817893 
0.171 0.0033919939349957326 0.003570934841047097 0.0037672824748475465 0.0038396637830305502 
0.172 0.00340507681828938 0.0035841339247470578 0.0037805956136333523 0.003853020744789134 
0.173 0.0034183244899209622 0.0035974993633410657 0.0037940766401360682 0.0038665461766093307 
0.174 0.0034317392826642887 0.0036110335092880063 0.003807727925492262 0.0038802424566279025 
0.175 0.003445323571995705 0.0036247387580853846 0.0038215518841907287 0.003894112006442267 
0.176 0.0034590797770068463 0.0036386175491917696 0.003835550975006725 0.003908157292034965 
0.177 0.0034730103613220707 0.0036526723669505984 0.0038497277019260596 0.003922380824744301 
0.178 0.003487117834045166 0.003666905741548986 0.003864084615117297 0.00393678516219037 
0.179 0.003501404750742666 0.003681320250008568 0.0038786243119246274 0.0039513729093072145 
0.18 0.003515873714428551 0.003695918517178234 0.0038933494378687863 0.003966146719336668 
0.181 0.0035305273765971336 0.003710703216780505 0.003908262687719201 0.0039811092948995085 
0.182 0.0035453684382623783 0.0037256770724567985 0.0039233668065331295 0.00399626338903099 
0.183 0.003560399651032979 0.003740842858855391 0.003938664590753788 0.0040116118063013625 
0.184 0.00357562381822106 0.0037562034027491904 0.003954158889339532 0.004027157403923316 
0.185 0.0035910437959639505 0.0037717615841699665 0.00396985260492039 0.004042903092957828 
0.186 0.003606662494382235 0.0037875203375745026 0.003985748694953059 0.004058851839403252 
0.187 0.0036224828787759103 0.003803482653055286 0.004001850172960502 0.00407500666550003 
0.188 0.00363850797083166 0.003819651577557773 0.0040181601097507465 0.004091370650931527 
0.189 0.0036547408498833153 0.003836030216152831 0.004034681634703287 0.004107946934111751 
0.19 0.003671184654182289 0.003852621733321312 0.004051417937064789 0.004124738713472851 
0.191 0.003687842582224926 0.003869429354290214 0.004068372267303355 0.004141749248863165 
0.192 0.0037047178940913055 0.003886456366390288 0.0040855479384612715 0.004158981862862826 
0.193 0.003721813912830433 0.003903706120448264 0.004102948327582649 0.004176439942228726 
0.194 0.0037391340258890577 0.003921182032233329 0.00412057687715823 0.004194126939360406 
0.195 0.003756681686556147 0.0039388875839160235 0.004138437096596271 0.004212046373758072 
0.196 0.0037744604154721635 0.003956826325589196 0.004156532563768384 0.004230201833567904 
0.197 0.0037924738021504817 0.0039750018768076115 0.004174866926551261 0.0042485969771623115 
0.198 0.003810725506565448 0.003993417928188019 0.004193443904453052 0.00426723553471691 
0.199 0.0038292192607573606 0.004012078243033552 0.004212267290238381 0.004286121309900539 
0.2 0.0038479588705047814 0.004030986659019062 0.0042313409516473565 0.004305258181547978 
0.201 0.003866948217016314 0.004050147089900838 0.004250668833099872 0.004324650105407 
0.202 0.0038861912586932966 0.004069563527296999 0.004270254957512252 0.0043443011159408264 
0.203 0.003905692032913864 0.004089240042488461 0.004290103428093735 0.004364215328143596 
0.204 0.003925454657890246 0.004109180788294983 0.00431021843026413 0.004384396939443893 
0.205 0.003945483334551993 0.004129390000975549 0.004330604233552261 0.004404850231630338 
0.206 0.003965782348503831 0.0041498720022074475 0.004351265193602595 0.004425579572847967 
0.207 0.003986356072012779 0.00417063120109202 0.004372205754193343 0.004446589419648345 
0.208 0.004007208966074014 0.0041916720962408985 0.004393430449347965 0.0044678843190732835 
0.209 0.004028345582508366 0.0042129992778935765 0.004414943905474439 0.004489468910823687 
0.21 0.0040497705661418125 0.004234617430120288 0.004436750843572145 0.00451134792947129 
0.211 0.004071488657020812 0.004256531333058658 0.004458856081514672 0.004533526206741233 
0.212 0.004093504692713156 0.004278745865235316 0.0044812645363685065 0.004556008673851647 
0.213 0.004115823610647769 0.0043012660059330325 0.0045039812268008695 0.00457880036390832 
0.214 0.004138450450545267 0.004324096837641569 0.0045270112755403 0.004601906414392544 
0.215 0.004161390356889327 0.004347243548556401 0.004550359911908249 0.004625332069690473 
0.216 0.0041846485814917645 0.004370711435167908 0.004574032474426748 0.004649082683718407 
0.217 0.00420823048611856 0.004394505904914679 0.004598034413493493 0.004673163722597411 
0.218 0.004232141545180691 0.004418632478900791 0.004622371294137021 0.004697580767403631 
0.219 0.00425638734852372 0.004443096794712993 0.004647048798847176 0.004722339517060039 
0.22 0.004280973604270565 0.004467904609293611 0.0046720727304813536 0.004747445791198402 
0.221 0.0043059061417677885 0.004493061801915366 0.0046974490152683155 0.004772905533175589 
0.222 0.004331190914607132 0.004518574377232457 0.004723183705885216 0.004798724813199575 
0.223 0.004356834003723137 0.004544448468412023 0.0047492829846125795 0.004824909831471875 
0.224 0.004382841620599542 0.004570690340371775 0.0047757531666224795 0.004851466921464311 
0.225 0.004409220110559267 0.0045973063931010446 0.004802600703304603 0.004878402553310005 
0.226 0.0044359759561389475 0.004624303165073542 0.004829832185735856 0.004905723337222356 
0.227 0.0044631157805826 0.004651687336774243 0.004857454348216931 0.004933436027092979 
0.228 0.004490646351426082 0.004679465734321539 0.004885474071959967 0.004961547524163159 
0.229 0.004518574584177708 0.004707645333181904 0.004913898388799775 0.004990064880747881 
0.23 0.004546907546126679 0.0047362332620235455 0.004942734485118646 0.005018995304203288 
0.231 0.004575652460254165 0.004765236806662055 0.004971989705808183 0.005048346160869144 
0.232 0.0046048167092497235 0.004794663414119418 0.005001671558381557 0.005078124980195598 
0.233 0.004634407839668187 0.004824520696825102 0.0050317877171992325 0.0051083394590099715 
0.234 0.0046644335661962496 0.0048548164369250245 0.005062346027839181 0.005138997465863541 
0.235 0.0046949017760549204 0.004885558590729945 0.0050933545115639895 0.005170107045555011 
0.236 0.004725820533518892 0.004916755293280494 0.005124821369955927 0.005201676423746721 
0.237 0.0047571980845948535 0.0049484148630764765 0.005156754989662232 0.005233714011749909 
0.238 0.00478904286182685 0.004980545806926929 0.005189163947332965 0.005266228411453355 
0.239 0.004821363489251097 0.005013156824961846 0.00522205701463098 0.005299228420379518 
0.24 0.004854168787505563 0.005046256815791851 0.0052554431634856975 0.00533272303692327 
0.241 0.004887467779083329 0.005079854881815933 0.005289331571424348 0.005366721465741428 
0.242 0.00492126969376722 0.005113960334714242 0.005323731627131337 0.005401233123290361 
0.243 0.004955583974218327 0.005148582701093186 0.005358652936145439 0.005436267643558211 
0.244 0.004990420281742496 0.005183731728314193 0.00539410532674593 0.005471834883990514 
0.245 0.005025788502234954 0.005219417390498375 0.005430098856011971 0.005507944931540191 
0.246 0.00506169875231099 0.005255649894723486 0.005466643816084509 0.005544608108953684 
0.247 0.005098161385629937 0.0052924396874116444 0.005503750740618104 0.005581834981260191 
0.248 0.005135186999416073 0.0053297974609227685 0.005541430411431729 0.0056196363624516936 
0.249 0.005172786441191036 0.005367734160354348 0.005579693865380539 0.005658023322337006 
0.25 0.005210970815705917 0.005406260990547871 0.005618552401439455 0.005697007193695699 
0.251 0.005249751492113238 0.0054453894233377756 0.005658017588002958 0.0057365995795695636 
0.252 0.005289140111356639 0.005485131205017268 0.005698101270444313 0.005776812360878132 
0.253 0.005329148593798937 0.00552549836404863 0.0057388155788946895 0.005817657704189045 
0.254 0.005369789147097745 0.005566503219023708 0.005780172936280677 0.005859148069801422 
0.255 0.005411074274335676 0.005608158386877772 0.005822186066622448 0.005901296220086084 
0.256 0.005453016782414015 0.005650476791374512 0.0058648680036036205 0.005944115228052015 
0.257 0.0054956297907168975 0.0056934716718632155 0.005908232099418286 0.005987618486249452 
0.258 0.0055389267400735446 0.0057371565923344785 0.005952292033902709 0.0060318197159305404 
0.259 0.005582921401992989 0.005781545450757289 0.005997061823991306 0.006076732976517514 
0.26 0.00562762788821912 0.00582665248873429 0.006042555833446045 0.006122372675393982 
0.261 0.005673060660598154 0.005872492301476182 0.006088788782941646 0.006168753577994478 
0.262 0.005719234541273829 0.00591907984810646 0.006135775760474149 0.006215890818275047 
0.263 0.005766164723223814 0.005966430462312024 0.006183532232108836 0.00626379990949 
0.264 0.005813866781146166 0.006014559863347561 0.006232074053113297 0.0063124967553412755 
0.265 0.005862356682725715 0.0060634841674213034 0.0062814174794464765 0.006361997661551364 
0.266 0.005911650800260036 0.006113219899452806 0.006331579179632992 0.006412319347737157 
0.267 0.0059617659226957435 0.00616378400523404 0.006382576247058756 0.006463478959764915 
0.268 0.006012719268069593 0.006215193864010356 0.006434426212665355 0.006515494082498089 
0.269 0.006064528496373215 0.0062674673014827004 0.006487147058106389 0.006568382752979708 
0.27 0.006117211722872557 0.006320622603274514 0.006540757229327271 0.006622163474071023 
0.271 0.006170787531867537 0.006374678528841308 0.006595275650633624 0.006676855228564102 
0.272 0.00622527499093705 0.006429654325872987 0.0066507217392342294 0.0067324774937836136 
0.273 0.006280693665690744 0.006485569745205256 0.006707115420309586 0.006789050256701756 
0.274 0.006337063635012298 0.006542445056233818 0.00676447714258087 0.006846594029549499 
0.275 0.006394405506862695 0.006600301062890159 0.006822827894454521 0.006905129866043364 
0.276 0.006452740434618983 0.006659159120161129 0.006882189220705403 0.00696467937810786 
0.277 0.006512090133997131 0.00671904115120083 0.006942583239776223 0.007025264753240353 
0.278 0.00657247690058998 0.006779969665059597 0.0070040326616820185 0.007086908772469717 
0.279 0.006633923628002439 0.006841967775025156 0.007066560806540259 0.007149634828987715 
0.28 0.0066964538266648015 0.006905059217641934 0.0071301916238018246 0.007213466947393179 
0.281 0.006760091643295208 0.006969268372392968 0.0071949497121155705 0.007278429803658449 
0.282 0.0068248618810875655 0.007034620282112186 0.007260860339975967 0.007344548745865681 
0.283 0.006890790020617923 0.007101140674125833 0.0073279494670741175 0.007411849815590928 
0.284 0.006957902241507151 0.00716885598215721 0.007396243766433095 0.00748035977014785 
0.285 0.007026225444887614 0.007237793369047693 0.0074657706473695625 0.0075501061056162146 
0.286 0.007095787276688105 0.007307980750302872 0.007536558279286731 0.007621117080741204 
0.287 0.007166616151765416 0.007379446818494952 0.007608635616337528 0.00769342174165882 
0.288 0.007238741278944616 0.007452221068590556 0.0076820324230098365 0.007767049947585341 
0.289 0.007312192686979871 0.0075263338242019225 0.007756779300676853 0.00784203239745534 
0.29 0.007387001251480175 0.007601816264819925 0.007832907715092638 0.007918400657522015 
0.291 0.007463198722850167 0.007678700454072003 0.007910450024965876 0.007996187190045754 
0.292 0.007540817755263437 0.007757019369027007 0.007989439511580494 0.008075425382972548 
0.293 0.007619891936748981 0.007836806930625242 0.008069910409537535 0.008156149580856902 
0.294 0.007700455820402744 0.007918098035246273 0.008151897938668579 0.00823839511684111 
0.295 0.007782544956787519 0.008000928587480995 0.008235438337162263 0.008322198345895917 
0.296 0.007866195927567954 0.008085335534153632 0.008320568895943584 0.008407596679365413 
0.297 0.007951446380430506 0.008171356899642903 0.008407327994383134 0.008494628620766194 
0.298 0.008038335065355078 0.008259031822574646 0.008495755137376208 0.008583333803026642 
0.299 0.008126901872269268 0.008348400593907927 0.008585890993851939 0.008673753027111483 
0.3 0.008217187870170091 0.00843950469651463 0.008677777436774125 0.008765928302193854 
0.301 0.008309235347762943 0.008532386846285447 0.008771457584692948 0.008859902887347887 
0.302 0.008403087855679198 0.008627091034843526 0.008866975844922952 0.008955721334873342 
0.303 0.00849879025036032 0.008723662573938395 0.008964377958436447 0.009053429535367384 
0.304 0.008596388739642455 0.008822148141562354 0.00906371104646006 0.009153074764473067 
0.305 0.00869593093014837 0.008922595829900189 0.009165023658962775 0.009254705731583041 
0.306 0.008797465876556703 0.009025055195174582 0.009268365825042778 0.009358372630384006 
0.307 0.008901044132805694 0.00912957730945515 0.009373789105325853 0.009464127191417152 
0.308 0.009006717805355407 0.00923621481454512 0.009481346646408038 0.009572022736791166 
0.309 0.009114540608549758 0.009345021978001453 0.009591093237534324 0.00968211423702702 
0.31 0.00922456792221231 0.009456054751410628 0.009703085369497906 0.009794458370169344 
0.311 0.009336856851542613 0.009569370830997775 0.009817381295921607 0.009909113583321581 
0.312 0.009451466289422429 0.009685029720673803 0.009934041097017161 0.010026140156635934 
0.313 0.009568456981227293 0.009803092797620427 0.01005312674590134 0.010145600269840618 
0.314 0.009687891592270235 0.009923623380540127 0.010174702177597571 0.010267558071559503 
0.315 0.009809834777967997 0.010046686800665356 0.010298833360846311 0.010392079751341744 
0.316 0.009934353256856208 0.010172350475648278 0.010425588372838987 0.010519233614697875 
0.317 0.010061515886575655 0.01030068398646453 0.01055503747696781 0.010649090161133098 
0.318 0.010191393742951587 0.010431759157448863 0.010687253203775364 0.010781722165410245 
0.319 0.010324060202299075 0.010565650139595198 0.01082231043519503 0.010917204762097113 
0.32 0.010459591027098652 0.01070243349727228 0.010960286492255588 0.011055615533612449 
0.321 0.010598064455161166 0.010842188298475773 0.011101261226359679 0.011197034601837389 
0.322 0.01073956129244946 0.010984996208781593 0.011245317114303247 0.011341544723518468 
0.323 0.010884165009707009 0.011130941589158467 0.011392539357219395 0.011489231389545404 
0.324 0.011031961843026775 0.011280111597770478 0.011543015983531437 0.011640182928357659 
0.325 0.011183040898556254 0.01143259629597011 0.011696837956190637 0.011794490613529603 
0.326 0.01133749426146873 0.011588488758616282 0.011854099284250016 0.01195224877580448 
0.327 0.011495417109404573 0.011747885188920426 0.012014897139040052 0.012113554919733984 
0.328 0.01165690783053327 0.011910885037973011 0.012179331975093285 0.012278509845016666 
0.329 0.011822068146428296 0.012077591129150252 0.012347507656001134 0.012447217772878792 
0.33 0.011991003239933072 0.01224810978757846 0.012519531585377316 0.012619786477548606 
0.331 0.01216382188820811 0.012422550974849428 0.012695514843175253 0.012796327423076218 
0.332 0.012340636601146053 0.012601028429175288 0.012875572327467154 0.012976955905676291 
0.333 0.01252156376534349 0.012783659811180752 0.013059822901981866 0.013161791201851295 
0.334 0.012706723793835624 0.012970566855533789 0.013248389549516144 0.013350956722391907 
0.335 0.012896241281757568 0.013161875528584086 0.013441399531457789 0.013544580172536654 
0.336 0.01309024516815926 0.013357716192246395 0.013638984553625586 0.01374279371843285 
0.337 0.013288868904123287 0.013558223774273508 0.013841280938571801 0.013945734160171733 
0.338 0.013492250627405326 0.0137635379451408 0.014048429804623161 0.014153543111516821 
0.339 0.013700533343742986 0.013973803301702684 0.014260577251721957 0.014366367186464573 
0.34 0.013913865115016001 0.014189169557789346 0.014477874554375356 0.014584358192982486 
0.341 0.014132399254402626 0.014409791741915206 0.014700478361742915 0.014807673333910065 
0.342 0.014356294528671673 0.014635830402216377 0.014928550905114493 0.015036475415252338 
0.343 0.014585715367735664 0.014867451818766933 0.01516226021282638 0.015270933061986791 
0.344 0.014820832081530667 0.015104828223331002 0.015401780332745411 0.015511220941419539 
0.345 0.015061821084320902 0.015348138026653321 0.01564729156238306 0.01575751999426698 
0.346 0.01530886512641347 0.01559756605327697 0.0158989806866749 0.016010017673409222 
0.347 0.01556215353329505 0.015853303783909527 0.01615704122338434 0.016268908190301645 
0.348 0.01582188245209753 0.01611554960522987 0.01642167367610053 0.01653439276901092 
0.349 0.01608825510526292 0.016384509067021265 0.016693085794648344 0.016806679907719467 
0.35 0.01636148205120552 0.016660395146429884 0.01697149284277138 0.01708598564756195 
0.351 0.01664178145166195 0.01694342851902516 0.01725711787269857 0.017372533848310855 
0.352 0.016929379345343925 0.017233837836292534 0.01755019200629744 0.01766655647075589 
0.353 0.01722450992738459 0.017531860009035664 0.01785095472222764 0.01796829386508425 
0.354 0.017527415833914962 0.01783774049602881 0.018159654148457875 0.018277995064676544 
0.355 0.017838348430975932 0.018151733597111096 0.018476547359333437 0.018595918084475502 
0.356 0.018157568106766896 0.018474102749729025 0.01880190067621049 0.01892233022294242 
0.357 0.01848534456604688 0.01880512082772163 0.019135989970387575 0.019257508366354432 
0.358 0.018821957125222444 0.01914507044087947 0.019479100966936374 0.01960173929405979 
0.359 0.019167695006432346 0.019494244233571895 0.01983152954762839 0.019955319982747716 
0.36 0.0195228576285758 0.019852945180366437 0.02019358205092945 0.020318557907909755 
0.361 0.019887754892895255 0.02022148687623883 0.020565575566618727 0.020691771339843148 
0.362 0.02026270746030377 0.020600193818529507 0.020947838222142398 0.021075289631466085 
0.363 0.02064804701718778 0.020989401677351943 0.021340709457412527 0.021469453494506557 
0.364 0.021044116525868434 0.021389457550596985 0.021744540284144555 0.021874615260220918 
0.365 0.0214512704553236 0.0218007201990923 0.022159693525244013 0.02229113912010405 
0.366 0.02186987498708642 0.022223560256780774 0.022586544029079256 0.02271940134151503 
0.367 0.022300308190477132 0.02265836041001963 0.02302547885265091 0.023159790452004527 
0.368 0.02274296016048203 0.023105515539233887 0.023476897406889234 0.023612707385747105 
0.369 0.023198233110627596 0.023565432815211392 0.02394121155620353 0.02407856558406245 
0.37 0.023666541412158282 0.024038531741230555 0.02441884566346253 0.024557791041288246 
0.371 0.024148311569648938 0.024525244131067044 0.024910236570325473 0.025050822285711254 
0.372 0.024643982121900346 0.02502601401159453 0.02541583350150015 0.025558110284278804 
0.373 0.025154003455550758 0.025541297437275703 0.025936097880144976 0.026080118258133972 
0.374 0.025678837517321855 0.026071562202307576 0.026471503039968196 0.026617321394551557 
0.375 0.026218957409147717 0.02661728743448984 0.027022533817979213 0.02717020643917222 
0.376 0.026774846848685436 0.02717896305311243 0.027589686009973278 0.027739271150429144 
0.377 0.027346999475839462 0.027757089071274804 0.028173465668956923 0.028325023596521934 
0.378 0.027935917983990158 0.028352174721078743 0.028774388224683065 0.028927981272858817 
0.379 0.028542113052630703 0.028964737378114974 0.029392977400564534 0.029548670016117072 
0.38 0.029166102056124455 0.029595301259666064 0.030029763901932367 0.030187622688999445 
0.381 0.02980840752137047 0.030244395869065036 0.030685283847934997 0.030845377607685163 
0.382 0.03046955530534744 0.030912554156841146 0.03136007691727141 0.031522476682074495 
0.383 0.03115007246196496 0.031600310367683 0.03205468417641015 0.032219463237488706 
0.384 0.031850484766412515 0.03230819754100744 0.03276964555779759 0.03293687948505807 
0.385 0.03257131386451525 0.033036744632222136 0.03350549695463881 0.033675263607277774 
0.386 0.03331307401457493 0.033786473221719605 0.034262766898915414 0.03443514642537931 
0.387 0.034076268390067374 0.03455789377953114 0.03504197279017419 0.03521704761568157 
0.388 0.03486138491358288 0.035351501455612507 0.03584361664459067 0.036021471444571566 
0.389 0.035668891595874816 0.03616777136918938 0.03666818033740969 0.03684890199481374 
0.39 0.03649923135900252 0.03700715337582221 0.03751612031704908 0.03769979786160468 
0.391 0.03735281632979559 0.03787006629808649 0.03838786177644753 0.03857458630370746 
0.392 0.03823002159936946 0.03875689161541499 0.03928379227708001 0.039473656845048895 
0.393 0.039131178456590095 0.03966796662090156 0.040204254833281196 0.04039735433451933 
0.394 0.040056567118435374 0.04060357706809902 0.041149540480009364 0.04134597148697013 
0.395 0.04100640899820785 0.04156394934902221 0.042119880365534844 0.04231974094710619 
0.396 0.04198085857362283 0.042549242265901024 0.04311543743201154 0.04331882693935562 
0.397 0.04297999494078272 0.0435595384834482 0.04413629777147887 0.04434331659156651 
0.398 0.0440038131663688 0.044594835775070445 0.045182461771719466 0.045393211047208386 
0.399 0.045052215578620866 0.04565503820500596 0.046253835195272895 0.04646841650998174 
0.4 0.04612500316661355 0.04673994741767074 0.047350220364617446 0.047568735394305506 
0.401 0.04722186728570672 0.04784925423424035 0.04847130765550846 0.04869385778442068 
0.402 0.048342381893135784 0.048982530782904175 0.0496166675272915 0.04984335343172683 
0.403 0.049485996559517825 0.050139223411380274 0.05078574334142511 0.05101666454245093 
0.404 0.05065203051725181 0.05131864664572439 0.05197784523513333 0.052213099623586445 
0.405 0.05183966801332892 0.05251997846614732 0.053192145323925806 0.0534318286618354 
0.406 0.053047955229414794 0.05374225716598438 0.054427674502260194 0.05467187990581184 
0.407 0.054275799014735046 0.0549843800424918 0.05568332109396195 0.055932138504287715 
0.408 0.05552196764592683 0.05624510413654802 0.05695783157227335 0.05721134722103635 
0.409 0.056785093782019146 0.05752304919188324 0.0582498135225269 0.0585081094001824 
0.41 0.05806367972336619 0.05881670294454906 0.059557740959840184 0.05982089429502386 
0.411 0.05935610501212156 0.060124428781311835 0.06087996204170839 0.06114804480042507 
0.412 0.06066063633176364 0.061444475724722884 0.06221470913337764 0.0624877875468441 
0.413 0.061975439579119204 0.06277499061758374 0.06356011109812362 0.06383824522770713 
0.414 0.0632985938984125 0.06411403229460373 0.06491420759851688 0.06519745094582313 
0.415 0.06462810738897797 0.06545958745021456 0.06627496511527421 0.06656336428425762 
0.416 0.06596193413171061 0.06680958784406953 0.06764029432168851 0.06793388873883757 
0.417 0.06729799212789604 0.06816192843362354 0.06900806839920112 0.0693068900962517 
0.418 0.06863418171250392 0.06951448599110918 0.0703761418468177 0.07068021530893438 
0.419 0.0699684039927046 0.07086513775063136 0.07174236932537409 0.07205171140620498 
0.42 0.07129857887318981 0.0722117796418882 0.07310462408836253 0.07341924399167965 
0.421 0.07262266226012677 0.0735523436974648 0.07446081558160898 0.07478071490775522 
0.422 0.07393866208330861 0.07488481426881498 0.07580890584277163 0.07613407869659303 
0.423 0.07524465283696735 0.07620724274752222 0.07714692439346782 0.07747735754944682 
0.424 0.07653878840921766 0.07751776055865349 0.07847298138801839 0.07880865450697223 
0.425 0.0778193130437149 0.0788145902674298 0.07978527885757718 0.08012616474894327 
0.426 0.07908457034970927 0.08009605471385346 0.08108211996301769 0.08142818488598486 
0.427 0.08033301034516833 0.08136058415918081 0.08236191623958104 0.0827131202362568 
0.428 0.08156319457811724 0.08260672148937076 0.08362319287844731 0.08397949013220733 
0.429 0.08277379942228034 0.08383312557216686 0.08486459214237939 0.08522593135480983 
0.43 0.08396361768332543 0.08503857290521703 0.08608487505394105 0.08645119983407916 
0.431 0.08513155868075602 0.08622195772179649 0.08728292152418843 0.08765417078434638 
0.432 0.08627664698904325 0.08738229073948885 0.08845772910896398 0.08883383746193427 
0.433 0.08739802003023066 0.08851869674603349 0.08960841058876962 0.08998930874190704 
0.434 0.08849492471089973 0.08963041121724362 0.09073419056906741 0.09111980571141358 
0.435 0.08956671329008972 0.09071677615561477 0.0918344012915471 0.0922246574706917 
0.436 0.09061283865373287 0.09177723532712301 0.09290847783567538 0.09330329632183856 
0.437 0.09163284915631645 0.0928113290587566 0.09395595287480386 0.09435525251009892 
0.438 0.09262638317349298 0.09381868874216052 0.09497645113379453 0.0953801486652049 
0.439 0.09359316349131074 0.09479903117054954 0.09596968367670682 0.09637769407177145 
0.44 0.09453299163946946 0.09575215281761239 0.09693544213454479 0.09734767887913962 
0.441 0.09544574225846206 0.09667792414936549 0.09787359296500771 0.09828996834305967 
0.442 0.09633135757363193 0.09757628404293808 0.09878407181919918 0.09920449717426955 
0.443 0.09718984203430021 0.09844723437119968 0.09966687807485634 0.1000912640540598 
0.444 0.09802125716231774 0.09929083479820329 0.10052206958172144 0.10095032636232205 
0.445 0.09882571664258624 0.10010719781847015 0.10134975765247203 0.10178179515187354 
0.446 0.09960338167786693 0.10089648406278841 0.1021501023222975 0.10258583039214411 
0.447 0.10035445662149635 0.10165889788439565 0.10292330789113509 0.10336263649644224 
0.448 0.10107918489467099 0.10239468323237662 0.10366961875566942 0.1041124581396702 
0.449 0.1017778451888582 0.10310411981292511 0.10438931553172302 0.10483557636755018 
0.45 0.10245074794964486 0.1037875195348107 0.10508271146348927 0.10553230499346684 
0.451 0.1030982321344081 0.10444522323141991 0.10575014911193738 0.10620298727539063 
0.452 0.10372066223382254 0.10507759764933913 0.10639199731229479 0.1068479928628236 
0.453 0.10431842554504896 0.10568503269122606 0.10700864838827534 0.10746771500127499 
0.454 0.10489192968337317 0.10626793889965197 0.1076005156096838 0.10806256798095316 
0.455 0.10544160031800588 0.10682674516749731 0.10816803087881381 0.1086329848150346 
0.456 0.1059678791176715 0.10736189666039629 0.10871164263102714 0.10917941513286049 
0.457 0.10647122189126672 0.10787385293638825 0.10923181393455252 0.10970232327298499 
0.458 0.10695209690930196 0.1083630862483392 0.10972902077498224 0.11020218656161679 
0.459 0.10741098339209079 0.10883008001497384 0.110203750510061 0.110679493761921 
0.46 0.10784837015118355 0.10927532744686762 0.11065650048110902 0.11113474368056324 
0.461 0.10826475437127452 0.10969933031451236 0.11108777676804589 0.11156844391824357 
0.462 0.10866064052031718 0.1101025978460477 0.11149809307539378 0.11198110975184643 
0.463 0.10903653937647945 0.11048564574318855 0.11188796973783612 0.11237326313641878 
0.464 0.10939296716120527 0.11084899530448775 0.1122579328342142 0.11274543181612658 
0.465 0.10973044476841833 0.11119317264586856 0.11260851339988218 0.1130981485337759 
0.466 0.11004949708063308 0.11151870800909097 0.11294024672799634 0.11343195032975359 
0.467 0.11035065236340821 0.11182613514949756 0.1132536717509125 0.11374737792125504 
0.468 0.11063444173033166 0.112115990795131 0.1135493304938122 0.11404497515406695 
0.469 0.11090139867124443 0.11238881416986149 0.11382776759302024 0.11432528851928471 
0.47 0.11115205863713394 0.11264514657387262 0.11408952987236019 0.11458886672824659 
0.471 0.11138695867562864 0.11288553101536533 0.11433516597129745 0.1148362603395375 
0.472 0.111606637111569 0.11311051188790718 0.11456522601929228 0.11506802143225546 
0.473 0.11181163326764378 0.11332063468833178 0.11478026135113745 0.11528470332056899 
0.474 0.11200248722050286 0.11351644577057744 0.11498082425867387 0.11548686030465273 
0.475 0.11217973958824468 0.11369849213128048 0.11516746777464222 0.11567504745398792 
0.476 0.1123439313454809 0.11386732122330859 0.11534074548479865 0.1158498204190198 
0.477 0.1124956036626395 0.11402348079383973 0.11550121136488001 0.11601173526768707 
0.478 0.11263529776641235 0.1141675187438596 0.1156494196392332 0.11616134834381465 
0.479 0.11276355481862362 0.11429998300631544 0.11578592465835637 0.11629921614442283 
0.48 0.1128809158110455 0.11442142144042718 0.11591128079274982 0.11642589521344635 
0.481 0.11298792147394604 0.11453238173991878 0.11602604234090075 0.11654194204959574 
0.482 0.11308511219640528 0.1146334113531547 0.11613076344930903 0.1166479130263863 
0.483 0.11317302795662919 0.11472505741342366 0.1162259980427654 0.11674436432236271 
0.484 0.11325220826072538 0.11480786667778732 0.11631229976331638 0.11683185186019314 
0.485 0.11332319208854061 0.1148823854730856 0.11639022191650154 0.11691093125287763 
0.486 0.11338651784536381 0.11494915964787994 0.11646031742353113 0.11698215775609655 
0.487 0.11344272331843931 0.11500873452927883 0.11652313877847598 0.1170460862254661 
0.488 0.11349234563735905 0.11506165488368242 0.11657923800941548 0.1171032710778613 
0.489 0.11353592123755528 0.11510846488066719 0.11662916664267813 0.11715426625576084 
0.49 0.11357398582621027 0.11514970805932477 0.11667347566970675 0.11719962519429418 
0.491 0.11360707435001037 0.11518592729645398 0.11671271551566106 0.11723990079000358 
0.492 0.11363572096426693 0.11521766477614244 0.11674743600950628 0.11727564537111206 
0.493 0.11366045900302064 0.1152454619603313 0.11677818635506991 0.1173074106687153 
0.494 0.11368182094979484 0.11526985956003874 0.11680551510273238 0.11733574778871943 
0.495 0.11370033840876684 0.1152913975069953 0.11682997012158579 0.11736120718407554 
0.496 0.11371654207615142 0.11531061492548966 0.11685209857173974 0.11738433862735217 
0.497 0.11373096171166429 0.11532805010428734 0.11687244687674306 0.1174056911832688 
0.498 0.11374412610996844 0.11534424046852322 0.11689156069590712 0.11742581318126401 
0.499 0.11375656307203016 0.11535972255149604 0.11690998489662474 0.11744525218791566 
0.5 0.11376879937636032 0.1153750319663341 0.11692826352644899 0.11746455497921605 
0.501 0.11378136075011173 0.11539070337751517 0.11694693978506678 0.11748426751272831 
0.502 0.11379477184003564 0.11540727047222668 0.11696655599609819 0.11750493489955208 
0.503 0.11380955618329074 0.11542526593156631 0.1169876535787252 0.11752710137608104 
0.504 0.11382623617809402 0.11544522140158547 0.1170107730191351 0.11755131027569507 
0.505 0.11384533305420695 0.11546766746414326 0.1170364538418106 0.11757810400006934 
0.506 0.11386736684320922 0.11549313360754108 0.11706523458050741 0.11760802399048624 
0.507 0.11389285634850692 0.1155221481968818 0.11709765274905157 0.11764161069861993 
0.508 0.11392231911497495 0.11555523844403999 0.11713424481162678 0.117679403557085 
0.509 0.1139562713981007 0.11559293037712239 0.11717554615259843 0.11772194094941042 
0.51 0.11399522813244373 0.11563574880921833 0.11722209104561149 0.11776976017919578 
0.511 0.114039702899181 0.11568421730621233 0.11727441262167336 0.11782339743840535 
0.512 0.11409020789243507 0.11573885815334604 0.11733304283601156 0.11788338777434573 
0.513 0.11414725388402745 0.11580019232016615 0.11739851243325024 0.1179502650549328 
0.514 0.11421135018622292 0.11586873942341615 0.1174713509104959 0.11802456193186753 
0.515 0.11428300461195662 0.1159450176873547 0.1175520864777632 0.11810680980125177 
0.516 0.11436272343195378 0.11602954390088764 0.1176412460152282 0.11819753876074274 
0.517 0.11445101132807059 0.11612283337085012 0.11773935502643665 0.11829727756296195 
0.518 0.1145483713420936 0.1162253998706346 0.11784693758685648 0.11840655356396297 
0.519 0.11465530481915517 0.11633775558332408 0.11796451628678985 0.11852589266616002 
0.52 0.1147723113448277 0.11646041103836291 0.11809261216765991 0.11865581925455172 
0.521 0.11489988867486502 0.11659387504071375 0.11823174465069514 0.11879685612527792 
0.522 0.11503853265649593 0.11673865459137868 0.11838243145673347 0.11894952440527636 
0.523 0.11518873714006186 0.11689525479805353 0.1185451885159863 0.11911434346181225 
0.524 0.11535099387973312 0.11706417877461939 0.11872052986641735 0.11929183080053417 
0.525 0.11552579242196705 0.11724592752809918 0.11890896753930141 0.11948250195070066 
0.526 0.11571361998028494 0.11744099983162529 0.1191110114305143 0.11968687033591484 
0.527 0.11591496129491369 0.1176498920819331 0.1193271691559975 0.11990544712908562 
0.528 0.1161302984758117 0.1178730981398501 0.11955794588989328 0.12013874108980795 
0.529 0.11636011082749831 0.11811110915217615 0.1198038441836163 0.12038725838264261 
0.53 0.11660487465420535 0.11836441335342288 0.1200653637643849 0.12065150237467066 
0.531 0.1168650630437663 0.11863349584578795 0.12034300131149006 0.12093197341067563 
0.532 0.11714114562876447 0.11891883835584378 0.12063725020875456 0.12122916856425497 
0.533 0.11743358832346684 0.11922091896643404 0.12094860027160667 0.12154358136353835 
0.534 0.11774285303516266 0.1195402118223357 0.12127753744740362 0.1218757014897805 
0.535 0.11806939734863856 0.11987718680840277 0.12162454348748203 0.1222260144475946 
0.536 0.11841367418259116 0.12023230919892759 0.1219900955898428 0.12259500120558249 
0.537 0.11877613141704216 0.12060603927726882 0.12237466601130621 0.12298313780617169 
0.538 0.11915721149088916 0.12099883192483503 0.12277872164833033 0.1233908949439532 
0.539 0.11955735096904356 0.1214111361788442 0.12320272358580497 0.12381873751162671 
0.54 0.11997698007880019 0.12184339475847823 0.12364712661341785 0.12426712411343195 
0.541 0.12041652221539596 0.12229604355937956 0.12411237870957904 0.1247365065457081 
0.542 0.12087639341705256 0.12276951111674866 0.12459892049304219 0.12522732924501984 
0.543 0.1213570018100433 0.12326421803759872 0.12510718464291626 0.12574002870434345 
0.544 0.12185874702486822 0.12378057640323598 0.12563759528797147 0.12627503285822098 
0.545 0.12238201958485403 0.12431898914329592 0.12619056736674347 0.12683276043859867 
0.546 0.1229272002690058 0.12487984938318336 0.1267665059601202 0.12741362030277734 
0.547 0.12349465945139791 0.1254635397672274 0.12736580559894872 0.1280180107361469 
0.548 0.12408475641970143 0.12607043176019192 0.1279888495491819 0.12864631873222557 
0.549 0.12469783867611706 0.12670088493045725 0.12863600907796183 0.12929891925343706 
0.55 0.1253342412242183 0.12735524621844074 0.12930764270436376 0.12997617447634968 
0.551 0.12599428584578068 0.1280338491944084 0.13000409543886512 0.13067843302535348 
0.552 0.12667828037206375 0.1287370133102182 0.13072569801630066 0.13140602919985295 
0.553 0.127386517954374 0.12946504314993718 0.13147276612726572 0.13215928219959863 
0.554 0.12811927633918202 0.13021822768469404 0.1322455996534053 0.13293849535387464 
0.555 0.1288768171532468 0.13099683953735244 0.13304448191242504 0.13374395536040926 
0.556 0.12965938520457906 0.13180113426294782 0.13386967891865958 0.13457593153972147 
0.557 0.13046720780520474 0.132631349651005 0.13472143866569644 0.13543467511159307 
0.558 0.13130049412182135 0.133487705055947 0.13559999043720264 0.13632041849981788 
0.559 0.1321594345605383 0.13437040076195222 0.13650554415256805 0.13723337467181626 
0.56 0.13304420019168242 0.13527961738838415 0.13743828975360164 0.1381737365194941 
0.561 0.133954942220791 0.13621551534206114 0.13839839663865613 0.13914167628776938 
0.562 0.1348917915114148 0.13717823432215992 0.13938601315019092 0.1401373450566692 
0.563 0.1358548581652251 0.13816789288337267 0.1404012661214875 0.14116087228297816 
0.564 0.13684423116442715 0.13918458806248055 0.1414442604878451 0.142212365406604 
0.565 0.13785997808108608 0.14022839507308044 0.1425150789671016 0.14329190952674847 
0.566 0.13890214485719396 0.1412993670724306 0.14361378181354925 0.14439956715181218 
0.567 0.13997075565899114 0.14239753500401625 0.14474040664909882 0.1455353780269698 
0.568 0.1410658128080383 0.1435229075184853 0.14589496837420982 0.14669935904206485 
0.569 0.14218729679088526 0.1446754709748353 0.14707745916075346 0.1478915042219531 
0.57 0.1433351663485521 0.14585518952317542 0.14828784852812849 0.14911178480050577 
0.571 0.14450935864599776 0.1470620052692877 0.1495260835028682 0.15036014937880063 
0.572 0.1457097895209281 0.1482958385203508 0.15079208886123976 0.15163652416672882 
0.573 0.14693635381067857 0.14955658811062678 0.1520857674535302 0.15294081330697493 
0.574 0.14818892575500808 0.150844131804892 0.153407000607893 0.1542728992790316 
0.575 0.14946735947166653 0.15215832677648933 0.15475564861063218 0.1556326433801995 
0.576 0.15077148950135436 0.1534990101565841 0.15613155125930037 0.15701988628006883 
0.577 0.15210113141746948 0.154865999649928 0.15753452848415686 0.1584344486436599 
0.578 0.1534560824960528 0.15625909421251472 0.15896438103293348 0.1598761318186811 
0.579 0.1548361224402474 0.15767807478531004 0.16042089121337053 0.16134471858072663 
0.58 0.1562410141537589 0.15912270507848492 0.16190382368759978 0.16283997393099875 
0.581 0.15767050455698345 0.16059273239966748 0.16341292631185814 0.16436164593962035 
0.582 0.15912432543959176 0.16208788851991315 0.16494793101519967 0.16590946662847586 
0.583 0.16060219434296108 0.16360789057061972 0.1665085547101471 0.16748315288617505 
0.584 0.16210381546614325 0.16515244196497944 0.1680945002289047 0.1690824074089174 
0.585 0.16362888058870076 0.16672123333712255 0.16970545727803127 0.17070691966022009 
0.586 0.1651770700041851 0.16831394349261555 0.17134110340517575 0.17235636684264807 
0.587 0.16674805345799298 0.1699302403638883 0.17300110497126778 0.17403041487546092 
0.588 0.16834149108393406 0.17156978196480085 0.1746851181223227 0.1757287193716858 
0.589 0.1699570343337847 0.17323221733848074 0.17639278975469908 0.17745092660907802 
0.59 0.17159432689464094 0.17491718749311813 0.17812375846859094 0.1791966744890293 
0.591 0.1732530055895374 0.17662432632105635 0.17987765550475948 0.18096559347906443 
0.592 0.17493270125668858 0.1783532614964388 0.18165410565983575 0.1827573075334822 
0.593 0.1766330396038404 0.18010361534776045 0.18345272817630573 0.18457143498901632 
0.594 0.17835364203402904 0.18187500570155227 0.18527313760334768 0.18640758943101632 
0.595 0.1800941264400747 0.18366704669442402 0.1871149446257534 0.1882653805276629 
0.596 0.18185410796523596 0.18547934955081036 0.18897775685805904 0.1901444148293015 
0.597 0.183633199728189 0.18731152332452694 0.19086117960196294 0.19204429653080837 
0.598 0.18543101351058064 0.18916317560230528 0.19276481656529176 0.19396462819545748 
0.599 0.18724716040615186 0.1910339131682794 0.19468827054116558 0.1959050114386332 
0.6 0.1890812514308156 0.19292334262873462 0.19663114404690427 0.19786504757119275 
0.601 0.19093289809312122 0.194831070996558 0.19859303992189462 0.19984433820160638 
0.602 0.1928017129252206 0.19675670623544525 0.20057356188450878 0.20184248579680672 
0.603 0.19468730997446054 0.19869985776398733 0.20257231504827067 0.20385909420212273 
0.604 0.19658930525640317 0.20066013692043994 0.20458890639786825 0.2058937691208673 
0.605 0.1985073171697278 0.2026371573885972 0.2066229452256253 0.2079461185540783 
0.606 0.20044096687425228 0.20463053558604788 0.20867404352963395 0.21001575320169696 
0.607 0.20238987863311136 0.20663989101583075 0.2107418163744615 0.21210228682622556 
0.608 0.20435368012042185 0.20866484658283882 0.21282588221608864 0.21420533658020538 
0.609 0.2063320026958427 0.21070502887641154 0.21492586319216436 0.21632452329888002 
0.61 0.2083244816475685 0.21276006842064676 0.21704138537939252 0.21845947175981 
0.611 0.2103307564052144 0.21482959989394618 0.21917207901954835 0.22060981091085652 
0.612 0.21235047072445415 0.2169132623196522 0.22131757871583183 0.22277517406834335 
0.613 0.21438327284473144 0.21901069922912833 0.22347752360122886 0.22495519908703226 
0.614 0.21642881562203534 0.22112155879932988 0.22565155748066007 0.22714952850356243 
0.615 0.2184867566380714 0.22324549396618973 0.22783932894842013 0.22935780965537897 
0.616 0.22055675828768634 0.22538216251572019 0.23004049148291372 0.2315796947763336 
0.617 0.2226384878460263 0.22753122715435195 0.23225470352001448 0.23381484107110095 
0.618 0.22473161751701157 0.2296923555601066 0.2344816285068769 0.23606291076967345 
0.619 0.22683582446464795 0.23186522041616534 0.23672093493771526 0.23832357116395153 
0.62 0.22895079082851127 0.2340494994281936 0.23897229637288375 0.240596494627142 
0.621 0.2310762037250387 0.2362448753270779 0.2412353914430448 0.24288135861851176 
0.622 0.23321175523563759 0.2384510358581342 0.24350990383945406 0.24517784567385825 
0.623 0.2353571423830993 0.24066767375827347 0.2457955222918612 0.24748564338366488 
0.624 0.23751206709749184 0.24289448672235597 0.24809194053531292 0.24980444435994584 
0.625 0.2396762361724731 0.24513117735966905 0.25039885726682853 0.2521339461930122 
0.626 0.24184936121328654 0.24737745314184045 0.25271597609321683 0.25447385139914575 
0.627 0.2440311585773405 0.2496330263430914 0.2550430054710857 0.25682386736052526 
0.628 0.24622134930820178 0.2518976139737089 0.25737965863972245 0.25918370625791315 
0.629 0.2484196590640777 0.254170937707781 0.25972565354821475 0.2615530849974418 
0.63 0.25062581804138045 0.256452723805877 0.262080712777246 0.26393172513219104 
0.631 0.2528395608941093 0.2587427030333657 0.26444456345639816 0.2663193527790631 
0.632 0.25506062664993673 0.26104061057529987 0.26681693717789895 0.2687156985321784 
0.633 0.25728875862331446 0.2633461859482077 0.2691975699071286 0.2711204973728111 
0.634 0.2595237043264081 0.2656591729096031 0.2715862018907819 0.27353348857730436 
0.635 0.2617652153782589 0.2679793193656034 0.27398257756300837 0.2759544156224392 
0.636 0.2640130474126682 0.2703063772772331 0.27638644545015717 0.2783830260898742 
0.637 0.26626695998523836 0.2726401025657598 0.2787975580745128 0.2808190715691666 
0.638 0.2685267164799337 0.2749802550175389 0.28121567185744983 0.28326230756047543 
0.639 0.2707920840155298 0.2773265981886548 0.2836405470223872 0.28571249337676746 
0.64 0.27306283335224263 0.279678899309728 0.28607194749774506 0.28816939204637915 
0.641 0.2753387387988374 0.2820369291911604 0.28850964082048597 0.2906327702157689 
0.642 0.2776195781203803 0.2844004621289889 0.29095339804007003 0.2931023980529487 
0.643 0.27990513244703336 0.2867692758117793 0.2934029936235485 0.29557804915190194 
0.644 0.28219518618382494 0.2891431512284686 0.2958582053615292 0.2980595004379057 
0.645 0.28448952692183954 0.29152187257762835 0.29831881427553375 0.3005465320743138 
0.646 0.2867879453507127 0.29390522717802925 0.3007846045267988 0.303038927370683 
0.647 0.28909023517273763 0.2962930053808194 0.30325536332644987 0.3055364726922917 
0.648 0.2913961930186179 0.298685000483355 0.30573088084760797 0.30803895737162607 
0.649 0.2937056183649508 0.30108100864477455 0.3082109501389879 0.3105461736214061 
0.65 0.2960183134535298 0.3034808288034087 0.3106953670405483 0.3130579164494657 
0.651 0.298334083212524 0.30588426259606827 0.31318393010094014 0.3155739835757356 
0.652 0.300652735179567 0.30829111427928785 0.31567644049693194 0.3180941753509509 
0.653 0.3029740794268116 0.31070119065253193 0.3181727019548206 0.3206182946774643 
0.654 0.30529792848795567 0.31311430098341053 0.320672520673915 0.32314614693210497 
0.655 0.3076240972872878 0.31553025693493697 0.3231757052520148 0.32567753989119136 
0.656 0.3099524030706627 0.31794887249473613 0.3256820666129563 0.3282122836572288 
0.657 0.3122826653385867 0.320369963906401 0.32819141793622314 0.33075019058825605 
0.658 0.3146147057812452 0.3227933496028169 0.33070357458865574 0.33329107522865625 
0.659 0.31694834821547613 0.32521885014145685 0.3332183540580781 0.33583475424245235 
0.66 0.319283418523819 0.32764628814178814 0.33573557588915137 0.33838104634852406 
0.661 0.321619744595392 0.3300754882245402 0.3382550616210349 0.3409297722576692 
0.662 0.32395715626881455 0.3325062769530524 0.3407766347271515 0.3434807546119753 
0.663 0.3262954852769257 0.33493848277643085 0.34330012055696 0.34603381792584154 
0.664 0.32863456519340517 0.33737193597467496 0.34582534627947986 0.3485887885291622 
0.665 0.3309742313812873 0.33980646860569835 0.34835214082889854 0.35114549451242244 
0.666 0.3333143209431705 0.34224191445409097 0.35088033485197945 0.3537037656734508 
0.667 0.33565467267325877 0.34467810898174917 0.3534097606571879 0.356263433466223 
0.668 0.33799512701110634 0.3471148892802386 0.3559402521658156 0.35882433095140265 
0.669 0.34033552599705724 0.34955209402488 0.3584716448646961 0.36138629274858053 
0.67 0.342675713229324 0.3519895634305131 0.3610037757606685 0.3639491549904096 
0.671 0.3450155338226724 0.35442713920890323 0.36353648333671856 0.36651275527804533 
0.672 0.3473548343686819 0.35686466452773874 0.3660696075098068 0.36907693263883284 
0.673 0.3496934628975219 0.35930198397119517 0.36860298959014504 0.37164152748482643 
0.674 0.35203126884121627 0.36173894350200936 0.3711364722422041 0.37420638157363434 
0.675 0.3543681029983571 0.3641753904250374 0.37366989944704293 0.3767713379701848 
0.676 0.356703817500215 0.3666111733522308 0.3762031164661781 0.3793362410103156 
0.677 0.3590382657782226 0.3690461421690355 0.3787359698070269 0.38190093626563226 
0.678 0.3613713025327865 0.37148014800213 0.38126830718945237 0.38446527050976254 
0.679 0.3637027837033442 0.37391304318844915 0.3837999775138242 0.38702909168615435 
0.68 0.3660325664397375 0.37634468124554793 0.3863308308304099 0.38959224887679506 
0.681 0.3683605090747513 0.3787749168431696 0.3888607183099388 0.39215459227277516 
0.682 0.3706864710978338 0.3812036057760111 0.3913894922154356 0.3947159731454655 
0.683 0.3730103131299725 0.38363060493767837 0.39391700587534667 0.39727624381943255 
0.684 0.37533189689961033 0.38605577229571675 0.39644311365751045 0.3998352576461515 
0.685 0.37765108521971863 0.3884789668678053 0.39896767094466057 0.4023928689789407 
0.686 0.37996774196583977 0.3909000486989752 0.40149053411082014 0.4049489331492022 
0.687 0.382281732055164 0.3933188788398623 0.4040115604985658 0.40750330644334193 
0.688 0.38459292142652046 0.39573531932592554 0.40653060839770544 0.4100558460812674 
0.689 0.3869011770213769 0.3981492331576773 0.40904753702454266 0.4126064101949788 
0.69 0.38920636676570286 0.400560484281809 0.41156220650244035 0.41515485780928063 
0.691 0.39150835955270913 0.4029689375732414 0.4140744778430622 0.4177010488224602 
0.692 0.39380702522644045 0.4053744588180141 0.4165842129286373 0.42024484398832684 
0.693 0.3961022345662032 0.40777691469705835 0.41909127449504513 0.42278610489916857 
0.694 0.39839385927182747 0.41017617277083346 0.4215955261158586 0.42532469396927447 
0.695 0.4006817719494186 0.41257210146445183 0.42409683218675337 0.4278604744194363 
0.696 0.4029658460983021 0.41496457005404547 0.4265950579114856 0.4303933102622009 
0.697 0.40524595609836217 0.41735344865354557 0.4290900692879092 0.43292306628820465 
0.698 0.40752197719815825 0.4197386082022465 0.4315817330950978 0.43544960805258753 
0.699 0.40979378550371487 0.42211992045308994 0.43406991688116214 0.4379728018628713 
0.7 0.4120612579679583 0.42449725796159077 0.4365544889514888 0.44049251476687507 
0.701 0.4143242723807386 0.42687049407539557 0.43903531835808707 0.4430086145418287 
0.702 0.41658270735952624 0.429239502924529 0.4415122748891427 0.4455209696838171 
0.703 0.41883644234060413 0.4316041594121523 0.4439852290594844 0.44802944939796707 
0.704 0.42108535757090965 0.43396433920599653 0.44645405210160216 0.4505339235892201 
0.705 0.4233293341003442 0.4363199187302896 0.44891861595712806 0.4530342628537903 
0.706 0.4255682537746368 0.4386707751582481 0.45137879326898556 0.4555303384709877 
0.707 0.4278019992287475 0.4410167864051465 0.4538344573741076 0.4580220223958845 
0.708 0.43003045388069827 0.4433578311218105 0.4562854822966668 0.46050918725228596 
0.709 0.43225350192590495 0.4456937886886569 0.45873174274167533 0.4629917063262101 
0.71 0.4344710283319994 0.44802453921023055 0.4611731140893575 0.46546945356005326 
0.711 0.43668291883402655 0.4503499635101375 0.4636094723898106 0.4679423035472912 
0.712 0.43888905993010346 0.4526699431264643 0.46604069435807416 0.47041013152712763 
0.713 0.4410893388775156 0.45498436030764666 0.46846665736990156 0.47287281338032927 
0.714 0.44328364368915374 0.4572930980087141 0.47088723945770133 0.4753302256250187 
0.715 0.4454718631303689 0.45959603988795594 0.4733023193070695 0.4777822454131221 
0.716 0.44765388671618683 0.4618930703039647 0.4757117762536844 0.48022875052698766 
0.717 0.4498296047089093 0.46418407431311726 0.47811549028056033 0.482669619376701 
0.718 0.4519989081160118 0.4664689376673251 0.4805133420157215 0.4851047309976242 
0.719 0.4541616886883987 0.4687475468121976 0.48290521273033327 0.4875339650482794 
0.72 0.4563178389190132 0.4710197888855635 0.48529098433697143 0.48995720180878144 
0.721 0.4584672520416902 0.4732855517162605 0.48767053938845806 0.49237432217956206 
0.722 0.4606098220303863 0.4755447238233145 0.49004376107699193 0.49478520768013246 
0.723 0.4627454435986385 0.4777971944153667 0.4924105332334489 0.49718974044869146 
0.724 0.4648740121993266 0.48004285339044644 0.49477074032727963 0.49958780324164714 
0.725 0.46699542402473654 0.4822815913360093 0.49712426746641614 0.5019792794337925 
0.726 0.46910957600683745 0.4845132995292785 0.4994710003977356 0.5043640530185031 
0.727 0.4712163658178292 0.4867378699378201 0.5018108255076443 0.5067420086082166 
0.728 0.47331569187097033 0.48895519522044123 0.5041436298230526 0.5091130314356901 
0.729 0.47540745332157786 0.49116516872827015 0.5064693010124779 0.5114770073547107 
0.73 0.477491550068321 0.49336768450616597 0.5087877273876684 0.5138338228418762 
0.731 0.4795678827546918 0.4955626372942925 0.5110987979051691 0.5161833649982931 
0.732 0.4816363527706896 0.49774992252996103 0.5134024021683831 0.5185255215512541 
0.733 0.48369686225476355 0.4999294363497173 0.5156984304298136 0.5208601808568942 
0.734 0.48574931409588057 0.5021010755915987 0.5179867735934681 0.5231872319022891 
0.735 0.48779361193585585 0.5042647377976491 0.5202673232175336 0.5255065643083217 
0.736 0.4898296601718118 0.5064203212165935 0.5225399715173666 0.5278180683326223 
0.737 0.49185736395886565 0.5085677248067696 0.524804611368537 0.5301216348726249 
0.738 0.493876629212955 0.5107068482391895 0.5270611363102741 0.5324171554691436 
0.739 0.49588736261386024 0.5128375919008349 0.5293094405488121 0.5347045223096465 
0.74 0.49788947160836383 0.5149598568981044 0.5315494189614289 0.5369836282323045 
0.741 0.49988286441360164 0.517073545060479 0.5337809671001471 0.539254366729983 
0.742 0.5018674500205198 0.5191785589442871 0.5360039811959052 0.5415166319543038 
0.743 0.5038431381975401 0.5212748018367138 0.5382183581629759 0.5437703187200525 
0.744 0.5058098394943034 0.5233621777599174 0.5404239956033783 0.5460153225097474 
0.745 0.507767465245609 0.525440591475333 0.5426207918115478 0.5482515394786117 
0.746 0.5097159275754426 0.5275099484881078 0.5448086457792957 0.5504788664591601 
0.747 0.5116551394011741 0.5295701550517028 0.5469874572005777 0.5526972009665738 
0.748 0.5135850144378389 0.5316211181726065 0.5491571264769105 0.5549064412036361 
0.749 0.5155054672025875 0.533662745615247 0.5513175547225239 0.5571064860667522 
0.75 0.5174164130192022 0.5356949459069686 0.5534686437699691 0.5592972351509544 
0.751 0.5193177680227813 0.5377176283432012 0.5556102961756656 0.5614785887559532 
0.752 0.5212094491644803 0.5397307029927183 0.5577424152256845 0.5636504478920513 
0.753 0.5230913742164132 0.5417340807030409 0.5598649049417469 0.5658127142860523 
0.754 0.5249634617766069 0.5437276731059506 0.561977670087259 0.5679652903876681 
0.755 0.526825631274101 0.5457113926231425 0.5640806161733803 0.5701080793758182 
0.756 0.5286778029741076 0.547685152471963 0.5661736494655834 0.572240985164969 
0.757 0.5305198979832961 0.5496488666712827 0.5682566769900083 0.574363912411905 
0.758 0.5323518382551577 0.5516024500474852 0.5703296065399199 0.5764767665226057 
0.759 0.5341735465954432 0.5535458182405317 0.5723923466827016 0.5785794536589074 
0.76 0.5359849466677205 0.5554788877101611 0.5744448067665271 0.580671880745701 
0.761 0.5377859629989853 0.5574015757421742 0.5764868969273279 0.5827539554780051 
0.762 0.539576520985368 0.5593138004548268 0.5785185280958786 0.5848255863283389 
0.763 0.5413565468979343 0.5612154808053299 0.5805396120050904 0.5868866825540701 
0.764 0.5431259678885192 0.5631065365964036 0.5825500611971112 0.5889371542049494 
0.765 0.5448847119956891 0.5649868884829745 0.5845497890310761 0.5909769121307967 
0.766 0.5466327081507296 0.5668564579789338 0.5865387096901874 0.5930058679891963 
0.767 0.5483698861837408 0.5687151674639846 0.5885167381898313 0.5950239342534408 
0.768 0.5500961768297885 0.5705629401906075 0.5904837903848742 0.5970310242205532 
0.769 0.5518115117351051 0.5723997002910528 0.5924397829779311 0.599027052019206 
0.77 0.5535158234633838 0.5742253727844767 0.5943846335268881 0.6010119326181131 
0.771 0.5552090455021264 0.5760398835841155 0.5963182604532594 0.6029855818342824 
0.772 0.5568911122690399 0.5778431595045679 0.5982405830502124 0.604947916341561 
0.773 0.5585619591185162 0.5796351282691325 0.6001515214907815 0.6068988536788956 
0.774 0.5602215223481603 0.5814157185172523 0.6020509968363048 0.6088383122591773 
0.775 0.5618697392053669 0.5831848598119892 0.6039389310446375 0.6107662113778541 
0.776 0.5635065478939668 0.5849424826476222 0.6058152469789228 0.6126824712218815 
0.777 0.5651318875809378 0.5866885184572841 0.6076798684160687 0.6145870128786239 
0.778 0.5667456984031363 0.5884228996206776 0.6095327200553579 0.6164797583446344 
0.779 0.5683479214741142 0.5901455594718806 0.611373727527479 0.6183606305351638 
0.78 0.5699384988909791 0.5918564323071882 0.6132028174031429 0.6202295532930988 
0.781 0.5715173737412873 0.5935554533930412 0.6150199172021584 0.6220864513984686 
0.782 0.5730844901100145 0.5952425589740318 0.6168249554024458 0.6239312505774548 
0.783 0.5746397930865645 0.5969176862809473 0.6186178614492129 0.6257638775124202 
0.784 0.5761832287718015 0.5985807735389056 0.6203985657640806 0.6275842598510061 
0.785 0.577714744285178 0.6002317599755321 0.6221669997544135 0.6293923262161696 
0.786 0.5792342877718655 0.6018705858292217 0.6239230958226968 0.6311880062156517 
0.787 0.580741808409953 0.6034971923574455 0.6256667873758731 0.6329712304521117 
0.788 0.5822372564176795 0.6051115218451214 0.62739800883503 0.6347419305326854 
0.789 0.5837205830607217 0.6067135176130614 0.6291166956448875 0.6365000390792019 
0.79 0.5851917406595151 0.6083031240264556 0.6308227842835213 0.6382454897384158 
0.791 0.5866506825966152 0.6098802865034173 0.6325162122720522 0.639978217191929 
0.792 0.5880973633241171 0.6114449515236118 0.6341969181845916 0.6416981571665873 
0.793 0.5895317383710961 0.6129970666369247 0.6358648416579694 0.643405246444665 
0.794 0.5909537643511086 0.6145365804721771 0.6375199234018539 0.6450994228747373 
0.795 0.5923633989697096 0.6160634427459031 0.6391621052087739 0.6467806253814227 
0.796 0.5937606010320359 0.6175776042712005 0.6407913299641183 0.648448793976745 
0.797 0.5951453304504071 0.6190790169666269 0.6424075416564897 0.6501038697702635 
0.798 0.5965175482519826 0.6205676338651248 0.6440106853877849 0.6517457949801141 
0.799 0.5978772165864396 0.6220434091230449 0.6456007073836915 0.6533745129434191 
0.8 0.5992242987337012 0.6235062980291828 0.6471775550039914 0.6549899681278943 
0.801 0.6005587591116986 0.6249562570138972 0.6487411767530151 0.6565921061419197 
0.802 0.6018805632841714 0.6263932436582557 0.6502915222901684 0.6581808737462479 
0.803 0.603189677968494 0.6278172167032542 0.6518285424405771 0.6597562188649313 
0.804 0.6044860710435568 0.6292281360590657 0.6533521892057074 0.6613180905962966 
0.805 0.6057697115576616 0.6306259628143681 0.6548624157740939 0.6628664392244575 
0.806 0.6070405697364771 0.6320106592456917 0.6563591765321294 0.6644012162305838 
0.807 0.608298616990993 0.6333821888268144 0.657842427074881 0.6659223743042093 
0.808 0.6095438259255533 0.6347405162382441 0.6593121242171188 0.6674298673547097 
0.809 0.6107761703458826 0.6360856073767112 0.6607682260041687 0.6689236505228737 
0.81 0.6119956252671706 0.6374174293647197 0.662210691722981 0.6704036801926132 
0.811 0.6132021669221805 0.6387359505601449 0.6636394819132252 0.6718699140024577 
0.812 0.6143957727693861 0.6400411405658784 0.6650545583785489 0.6733223108572386 
0.813 0.6155764215011539 0.6413329702395228 0.6664558841975762 0.6747608309402691 
0.814 0.616744093051939 0.6426114117031092 0.6678434237353551 0.6761854357246226 
0.815 0.6178987686065305 0.6438764383529031 0.6692171426546788 0.6775960879855778 
0.816 0.6190404306083015 0.6451280248691867 0.6705770079273099 0.678992751812375 
0.817 0.6201690627675234 0.6463661472261456 0.671922987845626 0.6803753926202263 
0.818 0.6212846500696717 0.6475907827017789 0.6732550520339194 0.6817439771625201 
0.819 0.6223871787837939 0.6488019098878121 0.6745731714600431 0.6830984735429095 
0.82 0.6234766364708804 0.649999508699718 0.6758773184471008 0.6844388512277276 
0.821 0.6245530119922698 0.6511835603867038 0.677167466684787 0.6857650810579533 
0.822 0.6256162955180883 0.6523540475417907 0.6784435912413438 0.6870771352617123 
0.823 0.6266664785357006 0.653510954111903 0.6797056685752805 0.6883749874668245 
0.824 0.6277035538581983 0.6546542654080028 0.6809536765469433 0.6896586127128679 
0.825 0.6287275156329051 0.6557839681152513 0.6821875944306407 0.6909279874639541 
0.826 0.6297383593498975 0.6569000503032062 0.6834074029262449 0.6921830896211982 
0.827 0.6307360818505631 0.6580025014360431 0.684613084171255 0.693423898535295 
0.828 0.6317206813361665 0.6590913123828387 0.6858046217527115 0.6946503950190573 
0.829 0.6326921573764392 0.6601664754278342 0.6869820007191829 0.6958625613604176 
0.83 0.6336505109181879 0.6612279842807608 0.6881452075927806 0.6970603813343512 
0.831 0.6345957442939167 0.6622758340871819 0.6892942303812282 0.6982438402167012 
0.832 0.6355278612304626 0.6633100214388511 0.6904290585898937 0.6994129247963214 
0.833 0.6364468668576546 0.664330544384114 0.6915496832339942 0.700567623387548 
0.834 0.6373527677169758 0.6653374024382985 0.6926560968507476 0.7017079258441363 
0.835 0.6382455717702374 0.6663305965941517 0.6937482935113897 0.7028338235711655 
0.836 0.6391252884082659 0.6673101293322795 0.6948262688335688 0.7039453095383487 
0.837 0.6399919284595929 0.668276004631592 0.6958900199934823 0.7050423782929889 
0.838 0.6408455041991491 0.669228227979786 0.6969395457379876 0.70612502597267 
0.839 0.6416860293569678 0.6701668063838256 0.697974846397031 0.707193250318719 
0.84 0.6425135191268844 0.6710917483804083 0.6989959238958506 0.7082470506886694 
0.841 0.643327990175235 0.6720030640464625 0.700002781767168 0.7092864280696956 
0.842 0.6441294606495521 0.6729007650096503 0.7009954251635638 0.7103113850913653 
0.843 0.6449179501872517 0.6737848644588281 0.7019738608696693 0.7113219260386353 
0.844 0.6456934799243097 0.6746553771545554 0.7029380973145464 0.7123180568649948 
0.845 0.6464560725039462 0.6755123194395615 0.703888144583816 0.7132997852057193 
0.846 0.6472057520852615 0.6763557092492105 0.7048240144319702 0.7142671203903961 
0.847 0.6479425443518804 0.6771855661219496 0.7057457202947965 0.7152200734561776 
0.848 0.6486664765205655 0.6780019112097594 0.706653277301304 0.7161586571608617 
0.849 0.6493775773498119 0.678804767288539 0.7075467022861792 0.7170828859957447 
0.85 0.650075877148403 0.6795941587685042 0.7084260138018393 0.7179927761984873 
0.851 0.6507614077839489 0.6803701117045476 0.7092912321306294 0.718888345766445 
0.852 0.6514342026913779 0.6811326538065388 0.7101423792969793 0.719769614468941 
0.853 0.6520942968813966 0.6818818144496387 0.7109794790794376 0.720636603860636 
0.854 0.6527417269488989 0.682617624684496 0.7118025570227318 0.7214893372940163 
0.855 0.6533765310813376 0.683340117247473 0.7126116404497792 0.7223278399325286 
0.856 0.6539987490670252 0.6840493265707439 0.7134067584734505 0.7231521387627902 
0.857 0.654608422303397 0.6847452887924057 0.7141879420087677 0.7239622626074707 
0.858 0.6552055938051972 0.6854280417664621 0.7149552237843311 0.7247582421381931 
0.859 0.6557903082126046 0.6860976250727665 0.7157086383543084 0.7255401098874064 
0.86 0.6563626117992808 0.6867540800268961 0.7164482221099348 0.7263079002612729 
0.861 0.6569225524803404 0.6873974496899158 0.7171740132911644 0.7270616495516131 
0.862 0.6574701798202337 0.688027778878066 0.7178860519980158 0.7278013959488556 
0.863 0.6580055450405432 0.6886451141723697 0.718584380202021 0.7285271795532346 
0.864 0.6585287010276732 0.689249503928112 0.7192690417574183 0.729239042387455 
0.865 0.6590397023404447 0.6898409982841953 0.7199400824123141 0.7299370284083537 
0.866 0.6595386052175694 0.6904196491724316 0.7205975498195828 0.7306211835187829 
0.867 0.6600254675850066 0.6909855103266478 0.7212414935479267 0.7312915555791263 
0.868 0.6605003490631997 0.6915386372916867 0.7218719650922616 0.731948194418601 
0.869 0.6609633109741676 0.6920790874322534 0.7224890178845818 0.7325911518473405 
0.87 0.6614144163484639 0.6926069199416166 0.7230927073042654 0.7332204816664779 
0.871 0.6618537299319673 0.6931221958501412 0.7236830906882339 0.7338362396800814 
0.872 0.6622813181925357 0.693624978033648 0.7242602273409885 0.7344384837052544 
0.873 0.6626972493264719 0.6941153312216001 0.7248241785445396 0.7350272735831742 
0.874 0.6631015932648102 0.6945933220050885 0.7253750075678903 0.7356026711894734 
0.875 0.6634944216794334 0.6950590188446103 0.7259127796766692 0.7361647404438743 
0.876 0.6638758079889632 0.6955124920776492 0.7264375621421089 0.7367135473209798 
0.877 0.6642458273644615 0.6959538139260258 0.7269494242499754 0.7372491598592152 
0.878 0.6646045567349029 0.6963830585029918 0.7274484373096046 0.7377716481705001 
0.879 0.6649520747924174 0.6968003018201022 0.7279346746617472 0.7382810844495086 
0.88 0.66528846199728 0.6972056217938055 0.7284082116872637 0.7387775429826363 
0.881 0.6656138005826642 0.69759909825177 0.7288691258145567 0.7392611001558334 
0.882 0.6659281745591034 0.6979808129389227 0.7293174965273855 0.7397318344642045 
0.883 0.6662316697186912 0.6983508495231693 0.7297534053718595 0.7401898265183228 
0.884 0.6665243736389745 0.6987092936008197 0.7301769359634926 0.7406351590532521 
0.885 0.6668063756865394 0.6990562327016602 0.7305881739935625 0.741067916934652 
0.886 0.6670777670202807 0.6993917562937085 0.7309872072352761 0.7414881871663737 
0.887 0.6673386405943255 0.6997159557875612 0.7313741255496713 0.7418960588962045 
0.888 0.6675890911606112 0.7000289245404192 0.731749020890778 0.7422916234225657 
0.889 0.6678292152710944 0.7003307578596584 0.7321119873105204 0.7426749741997131 
0.89 0.6680591112795634 0.7006215530060368 0.7324631209634103 0.7430462068427562 
0.891 0.668278879343068 0.7009014091964443 0.7328025201103282 0.7434054191326944 
0.892 0.6684886214229222 0.7011704276062014 0.7331302851222395 0.7437527110203366 
0.893 0.668688441285265 0.7014287113709196 0.7334465184830743 0.7440881846298182 
0.894 0.6688784445011787 0.7016763655878261 0.73375132479237 0.744411944262276 
0.895 0.6690587384463283 0.7019134973166392 0.734044810767127 0.744724096397585 
0.896 0.6692294323001122 0.7021402155798616 0.7343270852434111 0.7450247496972527 
0.897 0.669390637044294 0.7023566313625754 0.7345982591768573 0.7453140150051295 
0.898 0.6695424654611136 0.7025628576116161 0.7348584456432388 0.7455920053484767 
0.899 0.6696850321308415 0.7027590092342136 0.7351077598377279 0.7458588359381386 
0.9 0.6698184534287538 0.7029452030959481 0.7353463190741085 0.7461146241678506 
0.901 0.6699428475215168 0.7031215580181465 0.7355742427827748 0.7463594896131058 
0.902 0.6700583343629577 0.7032881947745491 0.7357916525084305 0.7465935540291387 
0.903 0.6701650356891818 0.7034452360873307 0.7359986719067676 0.7468169413483298 
0.904 0.6702630750130371 0.703592806622385 0.736195426740735 0.74702977767637 
0.905 0.670352577617876 0.7037310329839055 0.7363820448754689 0.7472321912885477 
0.906 0.6704336705506254 0.703860043708159 0.7365586562729745 0.7474243126242266 
0.907 0.6705064826140817 0.7039799692564978 0.7367253929857511 0.7476062742809475 
0.908 0.670571144358481 0.7040909420075584 0.736882389149331 0.7477782110076064 
0.909 0.670627788072244 0.7041930962485734 0.7370297809742478 0.7479402596965841 
0.91 0.6706765477719117 0.7042865681658619 0.7371677067369569 0.7480925593751645 
0.911 0.6707175591912472 0.7043714958343766 0.7372963067696792 0.7482352511956221 
0.912 0.670750959769434 0.7044480192063273 0.7374157234494262 0.7483684784247064 
0.913 0.6707768886383968 0.7045162800988324 0.7375261011857515 0.7484923864317151 
0.914 0.6707954866091582 0.7045764221805838 0.7376275864079136 0.74860712267556 
0.915 0.67080689615726 0.7046285909574695 0.7377203275502442 0.7487128366909067 
0.916 0.670811261407159 0.7046729337571457 0.7378044750370754 0.7488096800729404 
0.917 0.6708087281156145 0.7047095997124884 0.737880181266082 0.7488978064612002 
0.918 0.6707994436540022 0.7047387397439399 0.7379476005905934 0.7489773715217992 
0.919 0.670783556989543 0.7047605065406877 0.7380068893004172 0.7490485329288051 
0.92 0.6707612186653901 0.7047750545406044 0.7380582056019758 0.7491114503439369 
0.921 0.6707325807795746 0.7047825399090168 0.7381017095963626 0.7491662853951327 
0.922 0.670697796962731 0.7047831205161277 0.7381375632566045 0.7492132016540889 
0.923 0.6706570223546088 0.7047769559131658 0.7381659304033605 0.7492523646113308 
0.924 0.6706104135793087 0.7047642073072077 0.7381869766791574 0.7492839416510654 
0.925 0.670558128719201 0.7047450375345371 0.738200869521118 0.7493081020237581 
0.926 0.6705003272875258 0.7047196110326658 0.7382077781324021 0.7493250168170973 
0.927 0.6704371701995914 0.704688093810804 0.7382078734517032 0.7493348589263894 
0.928 0.6703688197425655 0.7046506534188755 0.7382013281215244 0.7493378030215053 
0.929 0.6702954395437968 0.7046074589149717 0.7381883164546686 0.7493340255144115 
0.93 0.6702171945376546 0.7045586808312034 0.7381690143990429 0.7493237045227016 
0.931 0.6701342509308134 0.7045044911379067 0.738143599500534 0.7493070198333812 
0.932 0.6700467761659705 0.7044450632062152 0.7381122508645577 0.7492841528632076 
0.933 0.6699549388839325 0.7043805717688553 0.7380751491154871 0.7492552866181558 
0.934 0.669858908884058 0.7043111928792359 0.7380324763540327 0.7492206056510978 
0.935 0.6697588570829669 0.7042371038686728 0.7379844161133859 0.7491802960165647 
0.936 0.6696549554715405 0.7041584833017925 0.737931153312384 0.7491345452243107 
0.937 0.6695473770700949 0.7040755109300345 0.7378728742077624 0.7490835421906974 
0.938 0.6694362958817424 0.703988367643194 0.7378097663435257 0.7490274771878248 
0.939 0.6693218868438687 0.7038972354189827 0.7377420184987279 0.7489665417906427 
0.94 0.6692043257776903 0.7038022972705585 0.7376698206326666 0.7489009288217054 
0.941 0.6690837893358421 0.7037037371919471 0.7375933638282502 0.7488308322940295 
0.942 0.6689604549479485 0.7036017401013412 0.7375128402330056 0.748756447351267 
0.943 0.6688345007641509 0.7034964917822422 0.7374284429976299 0.7486779702054408 
0.944 0.6687061055965181 0.7033881788223352 0.7373403662123351 0.7485955980731748 
0.945 0.6685754488583106 0.7032769885500996 0.7372488048409158 0.7485095291081779 
0.946 0.668442710501052 0.7031631089691164 0.7371539546519945 0.7484199623323491 
0.947 0.6683080709493591 0.7030467286899696 0.7370560121480945 0.7483270975635692 
0.948 0.6681717110334778 0.7029280368597342 0.7369551744920525 0.7482311353413061 
0.949 0.6680338119194861 0.7028072230890027 0.7368516394308484 0.7481322768496248 
0.95 0.6678945550371205 0.7026844773763823 0.7367456052165766 0.7480307238368644 
0.951 0.6677541220051593 0.7025599900304148 0.7366372705251802 0.7479266785334633 
0.952 0.6676126945543401 0.7024339515888763 0.736526834371839 0.7478203435663254 
0.953 0.6674704544477551 0.7023065527354286 0.7364144960239907 0.7477119218704485 
0.954 0.6673275833986674 0.7021779842135182 0.7363004549113423 0.747601616597694 
0.955 0.6671842629857095 0.7020484367375261 0.7361849105328458 0.747489631022908 
0.956 0.6670406745654296 0.7019181009011037 0.7360680623609684 0.7473761684461151 
0.957 0.6668969991821111 0.7017871670826445 0.735950109742667 0.747261432092877 
0.958 0.6667534174748437 0.7016558253478055 0.7358312517974892 0.7471456250104775 
0.959 0.6666101095817898 0.7015242653491177 0.7357116873125784 0.7470289499611342 
0.96 0.666467255041586 0.7013926762225375 0.7355916146342462 0.7469116093131103 
0.961 0.6663250326918734 0.70126124648097 0.7354712315566732 0.7467938049264797 
0.962 0.6661836205648642 0.7011301639046695 0.7353507352071454 0.7466757380374116 
0.963 0.6660431957799257 0.7009996154284897 0.7352303219278749 0.7465576091380484 
0.964 0.6659039344331313 0.7008697870259195 0.7351101871547845 0.7464396178536663 
0.965 0.6657660114837496 0.7007408635898829 0.7349905252926262 0.746321962815555 
0.966 0.665629600637575 0.7006130288102504 0.7348715295865883 0.7462048415310512 
0.967 0.6654948742271358 0.7004864650479751 0.7347533919905868 0.746088450249493 
0.968 0.6653620030886646 0.7003613532058851 0.7346363030319242 0.7459729838251645 
0.969 0.6652311564358216 0.7002378725960269 0.734520451672341 0.7458586355759752 
0.97 0.6651025017301406 0.700116200803513 0.7344060251653115 0.7457455971385518 
0.971 0.6649762045481098 0.6999965135468901 0.7342932089099297 0.7456340583199654 
0.972 0.664852428444907 0.6998789845349186 0.7341821863006698 0.745524206945183 
0.973 0.6647313348146922 0.6997637853197537 0.7340731385737033 0.7454162287008771 
0.974 0.6646130827474593 0.6996510851464939 0.7339662446492543 0.7453103069753703 
0.975 0.6644978288823784 0.6995410507990206 0.733861680970116 0.7452066226945069 
0.976 0.6643857272576066 0.6994338464421272 0.7337596213360688 0.7451053541538115 
0.977 0.664276929156527 0.6993296334598843 0.7336602367347455 0.7450066768461193 
0.978 0.6641715829503647 0.6992285702901674 0.733563695168183 0.7449107632859105 
0.979 0.6640698339371683 0.6991308122553883 0.7334701614753553 0.7448177828286343 
0.98 0.6639718241770827 0.6990365113893032 0.7333797971508527 0.7447279014868884 
0.981 0.6638776923239226 0.6989458162599107 0.7332927601591863 0.7446412817412998 
0.982 0.6637875734529642 0.6988588717884071 0.7332092047453174 0.7445580823484953 
0.983 0.6637015988849546 0.6987758190641161 0.7331292812404168 0.7444784581432528 
0.984 0.6636198960062921 0.6986967951554148 0.733053135864024 0.7444025598379732 
0.985 0.6635425880853272 0.6986219329165897 0.7329809105215453 0.7443305338165569 
0.986 0.6634697940847841 0.6985513607905455 0.7329127425975803 0.74426252192478 
0.987 0.663401628470227 0.6984852026074628 0.7328487647450301 0.744198661255459 
0.988 0.6633382010145747 0.6984235773791768 0.7327891046695787 0.7441390839299442 
0.989 0.6632796165986015 0.6983665990894329 0.7327338849099722 0.7440839168745363 
0.99 0.6632259750074021 0.6983143764798388 0.7326832226138389 0.7440332815929844 
0.991 0.6631773707227875 0.6982670128315713 0.732637229308898 0.743987293933721 
0.992 0.6631338927115739 0.6982246057427425 0.7325960106698229 0.7439460638529543 
0.993 0.6630956242097185 0.6981872469014171 0.7325596662803767 0.7439096951732709 
0.994 0.6630626425022843 0.6981550218542407 0.7325282893911808 0.7438782853370367 
0.995 0.663035018699188 0.6981280097706546 0.7325019666725925 0.7438519251554156 
0.996 0.6630128175066958 0.6981062832025797 0.7324807779630809 0.7438306985529862 
0.997 0.6629960969946098 0.6980899078396675 0.732464796012819 0.7438146823066433 
0.998 0.6629849083591371 0.6980789422599543 0.7324540862226363 0.7438039457807701 
0.999 0.6629792956813748 0.6980734376759228 0.7324487063779203 0.7437985506562793 
1.0 0.6629792956813749 0.6980734376759242 0.7324487063779073 0.7437985506562995 
