0.0 0.0004999999374999398 0.0004999999374999398 0.0004999999374999398 0.0004999999374999398 
0.001 0.0005000596412637988 0.0005000596412637988 0.0005000596412637988 0.0005000596412637988 
0.002 0.0005001784721429884 0.0005001784721429884 0.0005001784721429884 0.0005001784721429884 
0.003 0.0005003558762088545 0.0005003558762088545 0.0005003558762088545 0.0005003558762088545 
0.004 0.0005005913215957415 0.0005005913215957415 0.0005005913215957415 0.0005005913215957415 
0.005 0.0005008842978710688 0.0005008842978710688 0.0005008842978710688 0.0005008842978710688 
0.006 0.0005012343154327081 0.0005012343154327081 0.0005012343154327081 0.0005012343154327081 
0.007 0.0005016409049327285 0.0005016409049327285 0.0005016409049327285 0.0005016409049327285 
0.008 0.0005021036167251382 0.0005021036167251382 0.0005021036167251382 0.0005021036167251382 
0.009 0.0005026220203374753 0.0005026220203374753 0.0005026220203374753 0.0005026220203374753 
0.01 0.0005031957039657174 0.0005031957039657174 0.0005031957039657174 0.0005031957039657174 
0.011 0.0005038242739897644 0.0005038242739897644 0.0005038242739897644 0.0005038242739897644 
0.012 0.0005045073545105874 0.0005045073545105874 0.0005045073545105874 0.0005045073545105874 
0.013 0.0005052445869066867 0.0005052445869066867 0.0005052445869066867 0.0005052445869066867 
0.014 0.0005060356294100783 0.0005060356294100783 0.0005060356294100783 0.0005060356294100783 
0.015 0.0005068801567002361 0.0005068801567002361 0.0005068801567002361 0.0005068801567002361 
0.016 0.0005077778595143291 0.0005077778595143291 0.0005077778595143291 0.0005077778595143291 
0.017 0.000508728444277346 0.000508728444277346 0.000508728444277346 0.000508728444277346 
0.018 0.0005097316327450742 0.0005097316327450742 0.0005097316327450742 0.0005097316327450742 
0.019 0.0005107871616641974 0.0005107871616641974 0.0005107871616641974 0.0005107871616641974 
0.02 0.0005118947824470851 0.0005118947824470851 0.0005118947824470851 0.0005118947824470851 
0.021 0.0005130542608607269 0.0005130542608607269 0.0005130542608607269 0.0005130542608607269 
0.022 0.0005142653767283179 0.0005142653767283179 0.0005142653767283179 0.0005142653767283179 
0.023 0.0005155279236466877 0.0005155279236466877 0.0005155279236466877 0.0005155279236466877 
0.024 0.0005168417087135312 0.0005168417087135312 0.0005168417087135312 0.0005168417087135312 
0.025 0.0005182065522683345 0.0005182065522683345 0.0005182065522683345 0.0005182065522683345 
0.026 0.0005196222876457714 0.0005196222876457714 0.0005196222876457714 0.0005196222876457714 
0.027 0.0005210887609381189 0.0005210887609381189 0.0005210887609381189 0.0005210887609381189 
0.028 0.0005226058307705711 0.0005226058307705711 0.0005226058307705711 0.0005226058307705711 
0.029 0.0005241733680869041 0.0005241733680869041 0.0005241733680869041 0.0005241733680869041 
0.03 0.0005257912559442777 0.0005257912559442777 0.0005257912559442777 0.0005257912559442777 
0.031 0.0005274593893190444 0.0005274593893190444 0.0005274593893190444 0.0005274593893190444 
0.032 0.000529177674920644 0.000529177674920644 0.000529177674920644 0.000529177674920644 
0.033 0.000530946031016257 0.000530946031016257 0.000530946031016257 0.000530946031016257 
0.034 0.0005327643872630432 0.0005327643872630432 0.0005327643872630432 0.0005327643872630432 
0.035 0.0005346326845492739 0.0005346326845492739 0.0005346326845492739 0.0005346326845492739 
0.036 0.0005365508748447794 0.0005365508748447794 0.0005365508748447794 0.0005365508748447794 
0.037 0.0005385189210571678 0.0005385189210571678 0.0005385189210571678 0.0005385189210571678 
0.038 0.0005405367968979193 0.0005405367968979193 0.0005405367968979193 0.0005405367968979193 
0.039 0.0005426044867548917 0.0005426044867548917 0.0005426044867548917 0.0005426044867548917 
0.04 0.0005447219855731834 0.0005447219855731834 0.0005447219855731834 0.0005447219855731834 
0.041 0.0005468892987402147 0.0005468892987402147 0.0005468892987402147 0.0005468892987402147 
0.042 0.0005491064419838319 0.0005491064419838319 0.0005491064419838319 0.0005491064419838319 
0.043 0.0005513734412695031 0.0005513734412695031 0.0005513734412695031 0.0005513734412695031 
0.044 0.0005536903327085668 0.0005536903327085668 0.0005536903327085668 0.0005536903327085668 
0.045 0.000556057162471989 0.000556057162471989 0.000556057162471989 0.000556057162471989 
0.046 0.0005584739867107456 0.0005584739867107456 0.0005584739867107456 0.0005584739867107456 
0.047 0.0005609408714804021 0.0005609408714804021 0.0005609408714804021 0.0005609408714804021 
0.048 0.0005634578926728069 0.0005634578926728069 0.0005634578926728069 0.0005634578926728069 
0.049 0.0005660251359547936 0.0005660251359547936 0.0005660251359547936 0.0005660251359547936 
0.05 0.0005686426967091444 0.0005686426967091444 0.0005686426967091444 0.0005686426967091444 
0.051 0.0005713106799838511 0.0005713106799838511 0.0005713106799838511 0.0005713106799838511 
0.052 0.000574029200445659 0.000574029200445659 0.000574029200445659 0.000574029200445659 
0.053 0.0005767983823385951 0.0005767983823385951 0.0005767983823385951 0.0005767983823385951 
0.054 0.0005796183594473131 0.0005796183594473131 0.0005796183594473131 0.0005796183594473131 
0.055 0.0005824892750675457 0.0005824892750675457 0.0005824892750675457 0.0005824892750675457 
0.056 0.0005854112819764227 0.0005854112819764227 0.0005854112819764227 0.0005854112819764227 
0.057 0.0005883845424162277 0.0005883845424162277 0.0005883845424162277 0.0005883845424162277 
0.058 0.0005914092280726091 0.0005914092280726091 0.0005914092280726091 0.0005914092280726091 
0.059 0.0005944855200650384 0.0005944855200650384 0.0005944855200650384 0.0005944855200650384 
0.06 0.000597613608938603 0.000597613608938603 0.000597613608938603 0.000597613608938603 
0.061 0.0006007936946596029 0.0006007936946596029 0.0006007936946596029 0.0006007936946596029 
0.062 0.0006040259866183451 0.0006040259866183451 0.0006040259866183451 0.0006040259866183451 
0.063 0.0006073107036340045 0.0006073107036340045 0.0006073107036340045 0.0006073107036340045 
0.064 0.0006106480739644746 0.0006106480739644746 0.0006106480739644746 0.0006106480739644746 
0.065 0.000614038335320981 0.000614038335320981 0.000614038335320981 0.000614038335320981 
0.066 0.0006174817348849884 0.0006174817348849884 0.0006174817348849884 0.0006174817348849884 
0.067 0.0006209785293316499 0.0006209785293316499 0.0006209785293316499 0.0006209785293316499 
0.068 0.0006245289848545208 0.0006245289848545208 0.0006245289848545208 0.0006245289848545208 
0.069 0.0006281333772006841 0.0006281333772006841 0.0006281333772006841 0.0006281333772006841 
0.07 0.000631791991700944 0.000631791991700944 0.000631791991700944 0.000631791991700944 
0.071 0.0006355051233083552 0.0006355051233083552 0.0006355051233083552 0.0006355051233083552 
0.072 0.0006392730766431306 0.0006392730766431306 0.0006392730766431306 0.0006392730766431306 
0.073 0.0006430961660374869 0.0006430961660374869 0.0006430961660374869 0.0006430961660374869 
0.074 0.0006469747155856322 0.0006469747155856322 0.0006469747155856322 0.0006469747155856322 
0.075 0.0006509090591991104 0.0006509090591991104 0.0006509090591991104 0.0006509090591991104 
0.076 0.0006548995406648582 0.0006548995406648582 0.0006548995406648582 0.0006548995406648582 
0.077 0.0006589465137063184 0.0006589465137063184 0.0006589465137063184 0.0006589465137063184 
0.078 0.0006630503420483607 0.0006630503420483607 0.0006630503420483607 0.0006630503420483607 
0.079 0.0006672113994918506 0.0006672113994918506 0.0006672113994918506 0.0006672113994918506 
0.08 0.0006714300699821215 0.0006714300699821215 0.0006714300699821215 0.0006714300699821215 
0.081 0.0006757067476885134 0.0006757067476885134 0.0006757067476885134 0.0006757067476885134 
0.082 0.0006800418370848452 0.0006800418370848452 0.0006800418370848452 0.0006800418370848452 
0.083 0.0006844357530357 0.0006844357530357 0.0006844357530357 0.0006844357530357 
0.084 0.0006888889208847625 0.0006888889208847625 0.0006888889208847625 0.0006888889208847625 
0.085 0.0006934017765483874 0.0006934017765483874 0.0006934017765483874 0.0006934017765483874 
0.086 0.0006979747666124712 0.0006979747666124712 0.0006979747666124712 0.0006979747666124712 
0.087 0.0007026083484303084 0.0007026083484303084 0.0007026083484303084 0.0007026083484303084 
0.088 0.0007073029902344699 0.0007073029902344699 0.0007073029902344699 0.0007073029902344699 
0.089 0.0007120591712400184 0.0007120591712400184 0.0007120591712400184 0.0007120591712400184 
0.09 0.0007168773817588328 0.0007168773817588328 0.0007168773817588328 0.0007168773817588328 
0.091 0.0007217581233153868 0.0007217581233153868 0.0007217581233153868 0.0007217581233153868 
0.092 0.0007267019087693252 0.0007267019087693252 0.0007267019087693252 0.0007267019087693252 
0.093 0.0007317092624394334 0.0007317092624394334 0.0007317092624394334 0.0007317092624394334 
0.094 0.0007367807202338423 0.0007367807202338423 0.0007367807202338423 0.0007367807202338423 
0.095 0.0007419168297806229 0.0007419168297806229 0.0007419168297806229 0.0007419168297806229 
0.096 0.0007471181505714853 0.0007471181505714853 0.0007471181505714853 0.0007471181505714853 
0.097 0.0007523852540989494 0.0007523852540989494 0.0007523852540989494 0.0007523852540989494 
0.098 0.0007577187240016245 0.0007577187240016245 0.0007577187240016245 0.0007577187240016245 
0.099 0.0007631191562185525 0.0007631191562185525 0.0007631191562185525 0.0007631191562185525 
0.1 0.0007685871591418718 0.0007685871591418718 0.0007685871591418718 0.0007685871591418718 
0.101 0.00077412335377684 0.00077412335377684 0.00077412335377684 0.00077412335377684 
0.102 0.0007797283739038253 0.0007797283739038253 0.0007797283739038253 0.0007797283739038253 
0.103 0.0007854028662539418 0.0007854028662539418 0.0007854028662539418 0.0007854028662539418 
0.104 0.0007911474906753194 0.0007911474906753194 0.0007911474906753194 0.0007911474906753194 
0.105 0.0007969629203147776 0.0007969629203147776 0.0007969629203147776 0.0007969629203147776 
0.106 0.000802849841798823 0.000802849841798823 0.000802849841798823 0.000802849841798823 
0.107 0.0008088089554233006 0.0008088089554233006 0.0008088089554233006 0.0008088089554233006 
0.108 0.0008148409753433203 0.0008148409753433203 0.0008148409753433203 0.0008148409753433203 
0.109 0.0008209466297775624 0.0008209466297775624 0.0008209466297775624 0.0008209466297775624 
0.11 0.0008271266612063119 0.0008271266612063119 0.0008271266612063119 0.0008271266612063119 
0.111 0.0008333818265795999 0.0008333818265795999 0.0008333818265795999 0.0008333818265795999 
0.112 0.0008397128975335908 0.0008397128975335908 0.0008397128975335908 0.0008397128975335908 
0.113 0.000846120660607375 0.000846120660607375 0.000846120660607375 0.000846120660607375 
0.114 0.0008526059174672141 0.0008526059174672141 0.0008526059174672141 0.0008526059174672141 
0.115 0.0008591694851414352 0.0008591694851414352 0.0008591694851414352 0.0008591694851414352 
0.116 0.0008658121962522241 0.0008658121962522241 0.0008658121962522241 0.0008658121962522241 
0.117 0.0008725348992581212 0.0008725348992581212 0.0008725348992581212 0.0008725348992581212 
0.118 0.0008793384587021883 0.0008793384587021883 0.0008793384587021883 0.0008793384587021883 
0.119 0.000886223755465876 0.000886223755465876 0.000886223755465876 0.000886223755465876 
0.12 0.0008931916870272769 0.0008931916870272769 0.0008931916870272769 0.0008931916870272769 
0.121 0.0009002431677335091 0.0009002431677335091 0.0009002431677335091 0.0009002431677335091 
0.122 0.0009073791290676099 0.0009073791290676099 0.0009073791290676099 0.0009073791290676099 
0.123 0.0009146005199292319 0.0009146005199292319 0.0009146005199292319 0.0009146005199292319 
0.124 0.000921908306922284 0.000921908306922284 0.000921908306922284 0.000921908306922284 
0.125 0.0009293034746440022 0.0009293034746440022 0.0009293034746440022 0.0009293034746440022 
0.126 0.0009367870259927907 0.0009367870259927907 0.0009367870259927907 0.0009367870259927907 
0.127 0.0009443599824688114 0.0009443599824688114 0.0009443599824688114 0.0009443599824688114 
0.128 0.0009520233844896768 0.0009520233844896768 0.0009520233844896768 0.0009520233844896768 
0.129 0.0009597782917134442 0.0009597782917134442 0.0009597782917134442 0.0009597782917134442 
0.13 0.0009676257833642665 0.0009676257833642665 0.0009676257833642665 0.0009676257833642665 
0.131 0.0009755669585788567 0.0009755669585788567 0.0009755669585788567 0.0009755669585788567 
0.132 0.0009836029367436383 0.0009836029367436383 0.0009836029367436383 0.0009836029367436383 
0.133 0.0009917348578511078 0.0009917348578511078 0.0009917348578511078 0.0009917348578511078 
0.134 0.000999963882860899 0.000999963882860899 0.000999963882860899 0.000999963882860899 
0.135 0.0010082911940676278 0.0010082911940676278 0.0010082911940676278 0.0010082911940676278 
0.136 0.0010167179954893612 0.0010167179954893612 0.0010167179954893612 0.0010167179954893612 
0.137 0.0010252455132459637 0.0010252455132459637 0.0010252455132459637 0.0010252455132459637 
0.138 0.0010338749959598562 0.0010338749959598562 0.0010338749959598562 0.0010338749959598562 
0.139 0.0010426077151624955 0.0010426077151624955 0.0010426077151624955 0.0010426077151624955 
0.14 0.001051444965707376 0.001051444965707376 0.001051444965707376 0.001051444965707376 
0.141 0.001060388066204338 0.001060388066204338 0.001060388066204338 0.001060388066204338 
0.142 0.0010694383594478814 0.0010694383594478814 0.0010694383594478814 0.0010694383594478814 
0.143 0.0010785972128661715 0.0010785972128661715 0.0010785972128661715 0.0010785972128661715 
0.144 0.0010878660189737545 0.0010878660189737545 0.0010878660189737545 0.0010878660189737545 
0.145 0.001097246195848217 0.001097246195848217 0.001097246195848217 0.001097246195848217 
0.146 0.0011067391876021105 0.0011067391876021105 0.0011067391876021105 0.0011067391876021105 
0.147 0.0011163464648728948 0.0011163464648728948 0.0011163464648728948 0.0011163464648728948 
0.148 0.0011260695253233826 0.0011260695253233826 0.0011260695253233826 0.0011260695253233826 
0.149 0.0011359098941636082 0.0011359098941636082 0.0011359098941636082 0.0011359098941636082 
0.15 0.001145869124667804 0.001145869124667804 0.001145869124667804 0.001145869124667804 
0.151 0.0011559487987151528 0.0011559487987151528 0.0011559487987151528 0.0011559487987151528 
0.152 0.0011661505273379757 0.0011661505273379757 0.0011661505273379757 0.0011661505273379757 
0.153 0.0011764759512948707 0.0011764759512948707 0.0011764759512948707 0.0011764759512948707 
0.154 0.0011869267416396623 0.0011869267416396623 0.0011869267416396623 0.0011869267416396623 
0.155 0.0011975046003123763 0.0011975046003123763 0.0011975046003123763 0.0011975046003123763 
0.156 0.001208211260752924 0.001208211260752924 0.001208211260752924 0.001208211260752924 
0.157 0.001219048488514219 0.001219048488514219 0.001219048488514219 0.001219048488514219 
0.158 0.0012300180818989208 0.0012300180818989208 0.0012300180818989208 0.0012300180818989208 
0.159 0.0012411218726066544 0.0012411218726066544 0.0012411218726066544 0.0012411218726066544 
0.16 0.0012523617264089703 0.0012523617264089703 0.0012523617264089703 0.0012523617264089703 
0.161 0.0012637395438239738 0.0012637395438239738 0.0012637395438239738 0.0012637395438239738 
0.162 0.001275257260812625 0.001275257260812625 0.001275257260812625 0.001275257260812625 
0.163 0.0012869168495047865 0.0012869168495047865 0.0012869168495047865 0.0012869168495047865 
0.164 0.001298720318923336 0.001298720318923336 0.001298720318923336 0.001298720318923336 
0.165 0.0013106697157379413 0.0013106697157379413 0.0013106697157379413 0.0013106697157379413 
0.166 0.001322767125030071 0.001322767125030071 0.001322767125030071 0.001322767125030071 
0.167 0.0013350146710918152 0.0013350146710918152 0.0013350146710918152 0.0013350146710918152 
0.168 0.0013474145182234955 0.0013474145182234955 0.0013474145182234955 0.0013474145182234955 
0.169 0.0013599688715611302 0.0013599688715611302 0.0013599688715611302 0.0013599688715611302 
0.17 0.0013726799779324012 0.0013726799779324012 0.0013726799779324012 0.0013726799779324012 
0.171 0.0013855501267189933 0.0013855501267189933 0.0013855501267189933 0.0013855501267189933 
0.172 0.001398581650742855 0.001398581650742855 0.001398581650742855 0.001398581650742855 
0.173 0.0014117769271907961 0.0014117769271907961 0.0014117769271907961 0.0014117769271907961 
0.174 0.001425138378539716 0.001425138378539716 0.001425138378539716 0.001425138378539716 
0.175 0.0014386684735139363 0.0014386684735139363 0.0014386684735139363 0.0014386684735139363 
0.176 0.0014523697280784907 0.0014523697280784907 0.0014523697280784907 0.0014523697280784907 
0.177 0.0014662447064360624 0.0014662447064360624 0.0014662447064360624 0.0014662447064360624 
0.178 0.0014802960220594932 0.0014802960220594932 0.0014802960220594932 0.0014802960220594932 
0.179 0.0014945263387600648 0.0014945263387600648 0.0014945263387600648 0.0014945263387600648 
0.18 0.0015089383717602279 0.0015089383717602279 0.0015089383717602279 0.0015089383717602279 
0.181 0.001523534888819462 0.001523534888819462 0.001523534888819462 0.001523534888819462 
0.182 0.001538318711365913 0.001538318711365913 0.001538318711365913 0.001538318711365913 
0.183 0.0015532927156660563 0.0015532927156660563 0.0015532927156660563 0.0015532927156660563 
0.184 0.0015684598340354225 0.0015684598340354225 0.0015684598340354225 0.0015684598340354225 
0.185 0.0015838230560614212 0.0015838230560614212 0.0015838230560614212 0.0015838230560614212 
0.186 0.0015993854298629899 0.0015993854298629899 0.0015993854298629899 0.0015993854298629899 
0.187 0.0016151500633992837 0.0016151500633992837 0.0016151500633992837 0.0016151500633992837 
0.188 0.0016311201257828301 0.0016311201257828301 0.0016311201257828301 0.0016311201257828301 
0.189 0.0016472988486593433 0.0016472988486593433 0.0016472988486593433 0.0016472988486593433 
0.19 0.0016636895275912447 0.0016636895275912447 0.0016636895275912447 0.0016636895275912447 
0.191 0.0016802955235073467 0.0016802955235073467 0.0016802955235073467 0.0016802955235073467 
0.192 0.0016971202641659349 0.0016971202641659349 0.0016971202641659349 0.0016971202641659349 
0.193 0.0017141672456678619 0.0017141672456678619 0.0017141672456678619 0.0017141672456678619 
0.194 0.0017314400340179676 0.0017314400340179676 0.0017314400340179676 0.0017314400340179676 
0.195 0.0017489422667040485 0.0017489422667040485 0.0017489422667040485 0.0017489422667040485 
0.196 0.0017666776543463175 0.0017666776543463175 0.0017666776543463175 0.0017666776543463175 
0.197 0.0017846499823628943 0.0017846499823628943 0.0017846499823628943 0.0017846499823628943 
0.198 0.0018028631127057436 0.0018028631127057436 0.0018028631127057436 0.0018028631127057436 
0.199 0.0018213209856183738 0.0018213209856183738 0.0018213209856183738 0.0018213209856183738 
0.2 0.001840027621465908 0.001840027621465908 0.001840027621465908 0.001840027621465908 
0.201 0.001858987122588216 0.001858987122588216 0.001858987122588216 0.001858987122588216 
0.202 0.0018782036752297336 0.0018782036752297336 0.0018782036752297336 0.0018782036752297336 
0.203 0.0018976815514952824 0.0018976815514952824 0.0018976815514952824 0.0018976815514952824 
0.204 0.0019174251113852937 0.0019174251113852937 0.0019174251113852937 0.0019174251113852937 
0.205 0.0019374388048609028 0.0019374388048609028 0.0019374388048609028 0.0019374388048609028 
0.206 0.001957727173990719 0.001957727173990719 0.001957727173990719 0.001957727173990719 
0.207 0.0019782948551311805 0.0019782948551311805 0.0019782948551311805 0.0019782948551311805 
0.208 0.0019991465811930735 0.0019991465811930735 0.0019991465811930735 0.0019991465811930735 
0.209 0.002020287183945438 0.002020287183945438 0.002020287183945438 0.002020287183945438 
0.21 0.0020417215964070303 0.0020417215964070303 0.0020417215964070303 0.0020417215964070303 
0.211 0.0020634548552806707 0.0020634548552806707 0.0020634548552806707 0.0020634548552806707 
0.212 0.0020854921034822015 0.0020854921034822015 0.0020854921034822015 0.0020854921034822015 
0.213 0.002107838592710962 0.002107838592710962 0.002107838592710962 0.002107838592710962 
0.214 0.002130499686121609 0.002130499686121609 0.002130499686121609 0.002130499686121609 
0.215 0.0021534808610438982 0.0021534808610438982 0.0021534808610438982 0.0021534808610438982 
0.216 0.002176787711804332 0.002176787711804332 0.002176787711804332 0.002176787711804332 
0.217 0.002200425952614612 0.002200425952614612 0.002200425952614612 0.002200425952614612 
0.218 0.0022244014205357807 0.0022244014205357807 0.0022244014205357807 0.0022244014205357807 
0.219 0.0022487200785491 0.0022487200785491 0.0022487200785491 0.0022487200785491 
0.22 0.0022733880186870726 0.0022733880186870726 0.0022733880186870726 0.0022733880186870726 
0.221 0.0022984114652827205 0.0022984114652827205 0.0022984114652827205 0.0022984114652827205 
0.222 0.0023237967782962403 0.0023237967782962403 0.0023237967782962403 0.0023237967782962403 
0.223 0.0023495504567330773 0.0023495504567330773 0.0023495504567330773 0.0023495504567330773 
0.224 0.0023756791421794977 0.0023756791421794977 0.0023756791421794977 0.0023756791421794977 
0.225 0.00240218962243305 0.00240218962243305 0.00240218962243305 0.00240218962243305 
0.226 0.0024290888352271485 0.0024290888352271485 0.0024290888352271485 0.0024290888352271485 
0.227 0.002456383872086312 0.002456383872086312 0.002456383872086312 0.002456383872086312 
0.228 0.0024840819822869024 0.0024840819822869024 0.0024840819822869024 0.0024840819822869024 
0.229 0.0025121905769224634 0.0025121905769224634 0.0025121905769224634 0.0025121905769224634 
0.23 0.002540717233112094 0.002540717233112094 0.002540717233112094 0.002540717233112094 
0.231 0.0025696696983236837 0.0025696696983236837 0.0025696696983236837 0.0025696696983236837 
0.232 0.002599055894815137 0.002599055894815137 0.002599055894815137 0.002599055894815137 
0.233 0.0026288839242328364 0.0026288839242328364 0.0026288839242328364 0.0026288839242328364 
0.234 0.0026591620723334995 0.0026591620723334995 0.0026591620723334995 0.0026591620723334995 
0.235 0.0026898988138537223 0.0026898988138537223 0.0026898988138537223 0.0026898988138537223 
0.236 0.0027211028175172006 0.0027211028175172006 0.0027211028175172006 0.0027211028175172006 
0.237 0.0027527829512145785 0.0027527829512145785 0.0027527829512145785 0.0027527829512145785 
0.238 0.002784948287326661 0.002784948287326661 0.002784948287326661 0.002784948287326661 
0.239 0.002817608108215826 0.002817608108215826 0.002817608108215826 0.002817608108215826 
0.24 0.0028507719118916483 0.0028507719118916483 0.0028507719118916483 0.0028507719118916483 
0.241 0.0028844494178344713 0.0028844494178344713 0.0028844494178344713 0.0028844494178344713 
0.242 0.002918650573025231 0.002918650573025231 0.002918650573025231 0.002918650573025231 
0.243 0.0029533855581464993 0.0029533855581464993 0.0029533855581464993 0.0029533855581464993 
0.244 0.002988664793982515 0.002988664793982515 0.002988664793982515 0.002988664793982515 
0.245 0.00302449894801945 0.00302449894801945 0.00302449894801945 0.00302449894801945 
0.246 0.0030608989412562104 0.0030608989412562104 0.0030608989412562104 0.0030608989412562104 
0.247 0.0030978759552279154 0.0030978759552279154 0.0030978759552279154 0.0030978759552279154 
0.248 0.0031354414392550834 0.0031354414392550834 0.0031354414392550834 0.0031354414392550834 
0.249 0.00317360711792779 0.00317360711792779 0.00317360711792779 0.00317360711792779 
0.25 0.0032123849988129755 0.0032123849988129755 0.0032123849988129755 0.0032123849988129755 
0.251 0.0032517873804352856 0.0032517873804352856 0.0032517873804352856 0.0032517873804352856 
0.252 0.00329182686049732 0.00329182686049732 0.00329182686049732 0.00329182686049732 
0.253 0.0033325163443715757 0.0033325163443715757 0.0033325163443715757 0.0033325163443715757 
0.254 0.0033738690538706395 0.0033738690538706395 0.0033738690538706395 0.0033738690538706395 
0.255 0.0034158985363002057 0.0034158985363002057 0.0034158985363002057 0.0034158985363002057 
0.256 0.003458618673812369 0.003458618673812369 0.003458618673812369 0.003458618673812369 
0.257 0.0035020436930615927 0.0035020436930615927 0.0035020436930615927 0.0035020436930615927 
0.258 0.003546188175194421 0.003546188175194421 0.003546188175194421 0.003546188175194421 
0.259 0.003591067066150366 0.003591067066150366 0.003591067066150366 0.003591067066150366 
0.26 0.003636695687319249 0.003636695687319249 0.003636695687319249 0.003636695687319249 
0.261 0.003683089746552508 0.003683089746552508 0.003683089746552508 0.003683089746552508 
0.262 0.0037302653495421196 0.0037302653495421196 0.0037302653495421196 0.0037302653495421196 
0.263 0.003778239011586988 0.003778239011586988 0.003778239011586988 0.003778239011586988 
0.264 0.003827027669750088 0.003827027669750088 0.003827027669750088 0.003827027669750088 
0.265 0.003876648695446002 0.003876648695446002 0.003876648695446002 0.003876648695446002 
0.266 0.0039271199074361164 0.0039271199074361164 0.0039271199074361164 0.0039271199074361164 
0.267 0.0039784595852814615 0.0039784595852814615 0.0039784595852814615 0.0039784595852814615 
0.268 0.004030686483258141 0.004030686483258141 0.004030686483258141 0.004030686483258141 
0.269 0.004083819844745685 0.004083819844745685 0.004083819844745685 0.004083819844745685 
0.27 0.004137879417132481 0.004137879417132481 0.004137879417132481 0.004137879417132481 
0.271 0.0041928854672171915 0.0041928854672171915 0.0041928854672171915 0.0041928854672171915 
0.272 0.004248858797158111 0.004248858797158111 0.004248858797158111 0.004248858797158111 
0.273 0.004305820760994753 0.004305820760994753 0.004305820760994753 0.004305820760994753 
0.274 0.00436379328172642 0.00436379328172642 0.00436379328172642 0.00436379328172642 
0.275 0.004422798869022355 0.004422798869022355 0.004422798869022355 0.004422798869022355 
0.276 0.004482860637538185 0.004482860637538185 0.004482860637538185 0.004482860637538185 
0.277 0.00454400232589371 0.00454400232589371 0.00454400232589371 0.00454400232589371 
0.278 0.004606248316344833 0.004606248316344833 0.004606248316344833 0.004606248316344833 
0.279 0.004669623655133859 0.004669623655133859 0.004669623655133859 0.004669623655133859 
0.28 0.004734154073605121 0.004734154073605121 0.004734154073605121 0.004734154073605121 
0.281 0.004799866010057947 0.004799866010057947 0.004799866010057947 0.004799866010057947 
0.282 0.004866786632418495 0.004866786632418495 0.004866786632418495 0.004866786632418495 
0.283 0.00493494386172977 0.00493494386172977 0.00493494386172977 0.00493494386172977 
0.284 0.005004366396494123 0.005004366396494123 0.005004366396494123 0.005004366396494123 
0.285 0.005075083737932302 0.005075083737932302 0.005075083737932302 0.005075083737932302 
0.286 0.005147126216165691 0.005147126216165691 0.005147126216165691 0.005147126216165691 
0.287 0.005220525017361495 0.005220525017361495 0.005220525017361495 0.005220525017361495 
0.288 0.0052953122119106955 0.0052953122119106955 0.0052953122119106955 0.0052953122119106955 
0.289 0.005371520783645624 0.005371520783645624 0.005371520783645624 0.005371520783645624 
0.29 0.005449184660158628 0.005449184660158628 0.005449184660158628 0.005449184660158628 
0.291 0.005528338744270314 0.005528338744270314 0.005528338744270314 0.005528338744270314 
0.292 0.005609018946671959 0.005609018946671959 0.005609018946671959 0.005609018946671959 
0.293 0.005691262219833654 0.005691262219833654 0.005691262219833654 0.005691262219833654 
0.294 0.005775106593188802 0.005775106593188802 0.005775106593188802 0.005775106593188802 
0.295 0.005860591209672716 0.005860591209672716 0.005860591209672716 0.005860591209672716 
0.296 0.005947756363664116 0.005947756363664116 0.005947756363664116 0.005947756363664116 
0.297 0.006036643540391119 0.006036643540391119 0.006036643540391119 0.006036643540391119 
0.298 0.0061272954568725325 0.0061272954568725325 0.0061272954568725325 0.0061272954568725325 
0.299 0.006219756104435299 0.006219756104435299 0.006219756104435299 0.006219756104435299 
0.3 0.006314070792903254 0.006314070792903254 0.006314070792903254 0.006314070792903254 
0.301 0.0064102861965134065 0.0064102861965134065 0.0064102861965134065 0.0064102861965134065 
0.302 0.006508450401634113 0.006508450401634113 0.006508450401634113 0.006508450401634113 
0.303 0.006608612956377903 0.006608612956377903 0.006608612956377903 0.006608612956377903 
0.304 0.006710824922159592 0.006710824922159592 0.006710824922159592 0.006710824922159592 
0.305 0.006815138927311021 0.006815138927311021 0.006815138927311021 0.006815138927311021 
0.306 0.006921609222843113 0.006921609222843113 0.006921609222843113 0.006921609222843113 
0.307 0.00703029174041304 0.00703029174041304 0.00703029174041304 0.00703029174041304 
0.308 0.007141244152643003 0.007141244152643003 0.007141244152643003 0.007141244152643003 
0.309 0.007254525935838333 0.007254525935838333 0.007254525935838333 0.007254525935838333 
0.31 0.00737019843525929 0.00737019843525929 0.00737019843525929 0.00737019843525929 
0.311 0.00748832493302178 0.00748832493302178 0.00748832493302178 0.00748832493302178 
0.312 0.007608970718755478 0.007608970718755478 0.007608970718755478 0.007608970718755478 
0.313 0.007732203163128319 0.007732203163128319 0.007732203163128319 0.007732203163128319 
0.314 0.007858091794383687 0.007858091794383687 0.007858091794383687 0.007858091794383687 
0.315 0.007986708377995918 0.007986708377995918 0.007986708377995918 0.007986708377995918 
0.316 0.008118126999590185 0.008118126999590185 0.008118126999590185 0.008118126999590185 
0.317 0.008252424151265552 0.008252424151265552 0.008252424151265552 0.008252424151265552 
0.318 0.008389678821469414 0.008389678821469414 0.008389678821469414 0.008389678821469414 
0.319 0.008529972588566309 0.008529972588566309 0.008529972588566309 0.008529972588566309 
0.32 0.00867338971828144 0.00867338971828144 0.00867338971828144 0.00867338971828144 
0.321 0.008820017265146637 0.008820017265146637 0.008820017265146637 0.008820017265146637 
0.322 0.00896994517814971 0.00896994517814971 0.00896994517814971 0.00896994517814971 
0.323 0.009123266410758455 0.009123266410758455 0.009123266410758455 0.009123266410758455 
0.324 0.009280077035478701 0.009280077035478701 0.009280077035478701 0.009280077035478701 
0.325 0.009440476363170351 0.009440476363170351 0.009440476363170351 0.009440476363170351 
0.326 0.009604567067275176 0.009604567067275176 0.009604567067275176 0.009604567067275176 
0.327 0.009772455313196426 0.009772455313196426 0.009772455313196426 0.009772455313196426 
0.328 0.009944250893005097 0.009944250893005097 0.009944250893005097 0.009944250893005097 
0.329 0.010120067365698114 0.010120067365698114 0.010120067365698114 0.010120067365698114 
0.33 0.010300022203219336 0.010300022203219336 0.010300022203219336 0.010300022203219336 
0.331 0.010484236942465648 0.010484236942465648 0.010484236942465648 0.010484236942465648 
0.332 0.010672837343498803 0.010672837343498803 0.010672837343498803 0.010672837343498803 
0.333 0.010865953554190615 0.010865953554190615 0.010865953554190615 0.010865953554190615 
0.334 0.011063720281538134 0.011063720281538134 0.011063720281538134 0.011063720281538134 
0.335 0.011266276969854468 0.011266276969854468 0.011266276969854468 0.011266276969854468 
0.336 0.011473767986094556 0.011473767986094556 0.011473767986094556 0.011473767986094556 
0.337 0.011686342812509812 0.011686342812509812 0.011686342812509812 0.011686342812509812 
0.338 0.011904156246882075 0.011904156246882075 0.011904156246882075 0.011904156246882075 
0.339 0.012127368610528813 0.012127368610528813 0.012127368610528813 0.012127368610528813 
0.34 0.012356145964293696 0.012356145964293696 0.012356145964293696 0.012356145964293696 
0.341 0.012590660332710365 0.012590660332710365 0.012590660332710365 0.012590660332710365 
0.342 0.012831089936513933 0.012831089936513933 0.012831089936513933 0.012831089936513933 
0.343 0.013077619433660015 0.013077619433660015 0.013077619433660015 0.013077619433660015 
0.344 0.01333044016895434 0.01333044016895434 0.01333044016895434 0.01333044016895434 
0.345 0.013589750432417067 0.013589750432417067 0.013589750432417067 0.013589750432417067 
0.346 0.013855755726399908 0.013855755726399908 0.013855755726399908 0.013855755726399908 
0.347 0.014128669041491198 0.014128669041491198 0.014128669041491198 0.014128669041491198 
0.348 0.014408711141130686 0.014408711141130686 0.014408711141130686 0.014408711141130686 
0.349 0.014696110854823079 0.014696110854823079 0.014696110854823079 0.014696110854823079 
0.35 0.014991105379748664 0.014991105379748664 0.014991105379748664 0.014991105379748664 
0.351 0.015293940590458457 0.015293940590458457 0.015293940590458457 0.015293940590458457 
0.352 0.015604871356255663 0.015604871356255663 0.015604871356255663 0.015604871356255663 
0.353 0.01592416186572237 0.01592416186572237 0.01592416186572237 0.01592416186572237 
0.354 0.01625208595768608 0.01625208595768608 0.01625208595768608 0.01625208595768608 
0.355 0.016588927457768573 0.016588927457768573 0.016588927457768573 0.016588927457768573 
0.356 0.01693498051943455 0.01693498051943455 0.01693498051943455 0.01693498051943455 
0.357 0.017290549968243304 0.017290549968243304 0.017290549968243304 0.017290549968243304 
0.358 0.01765595164770507 0.01765595164770507 0.01765595164770507 0.01765595164770507 
0.359 0.01803151276487441 0.01803151276487441 0.01803151276487441 0.01803151276487441 
0.36 0.018417572233415957 0.018417572233415957 0.018417572233415957 0.018417572233415957 
0.361 0.01881448101149385 0.01881448101149385 0.01881448101149385 0.01881448101149385 
0.362 0.01922260243136898 0.01922260243136898 0.01922260243136898 0.01922260243136898 
0.363 0.019642312517058096 0.019642312517058096 0.019642312517058096 0.019642312517058096 
0.364 0.020074000285799913 0.020074000285799913 0.020074000285799913 0.020074000285799913 
0.365 0.020518068028408918 0.020518068028408918 0.020518068028408918 0.020518068028408918 
0.366 0.020974931562827207 0.020974931562827207 0.020974931562827207 0.020974931562827207 
0.367 0.021445020454314387 0.021445020454314387 0.021445020454314387 0.021445020454314387 
0.368 0.02192877819476454 0.02192877819476454 0.02192877819476454 0.02192877819476454 
0.369 0.022426662332541678 0.022426662332541678 0.022426662332541678 0.022426662332541678 
0.37 0.0229391445430345 0.0229391445430345 0.0229391445430345 0.0229391445430345 
0.371 0.023466710628799188 0.023466710628799188 0.023466710628799188 0.023466710628799188 
0.372 0.024009860436684887 0.024009860436684887 0.024009860436684887 0.024009860436684887 
0.373 0.024569107677724595 0.024569107677724595 0.024569107677724595 0.024569107677724595 
0.374 0.025144979633837376 0.025144979633837376 0.025144979633837376 0.025144979633837376 
0.375 0.025738016733476973 0.025738016733476973 0.025738016733476973 0.025738016733476973 
0.376 0.026348771976339974 0.026348771976339974 0.026348771976339974 0.026348771976339974 
0.377 0.02697781018511378 0.02697781018511378 0.02697781018511378 0.02697781018511378 
0.378 0.027625707059985134 0.027625707059985134 0.027625707059985134 0.027625707059985134 
0.379 0.028293048009339884 0.028293048009339884 0.028293048009339884 0.028293048009339884 
0.38 0.028980426727766816 0.028980426727766816 0.028980426727766816 0.028980426727766816 
0.381 0.029688443490220463 0.029688443490220463 0.029688443490220463 0.029688443490220463 
0.382 0.03041770312906846 0.03041770312906846 0.03041770312906846 0.03041770312906846 
0.383 0.031168812658894488 0.031168812658894488 0.031168812658894488 0.031168812658894488 
0.384 0.031942378512429745 0.031942378512429745 0.031942378512429745 0.031942378512429745 
0.385 0.03273900335008489 0.03273900335008489 0.03273900335008489 0.03273900335008489 
0.386 0.033559282405387816 0.033559282405387816 0.033559282405387816 0.033559282405387816 
0.387 0.03440379932949617 0.03440379932949617 0.03440379932949617 0.03440379932949617 
0.388 0.03527312150008155 0.03527312150008155 0.03527312150008155 0.03527312150008155 
0.389 0.03616779476364477 0.03616779476364477 0.03616779476364477 0.03616779476364477 
0.39 0.03708833758596888 0.03708833758596888 0.03708833758596888 0.03708833758596888 
0.391 0.038035234593428044 0.038035234593428044 0.038035234593428044 0.038035234593428044 
0.392 0.03900892949849322 0.03900892949849322 0.03900892949849322 0.03900892949849322 
0.393 0.040009817416393915 0.040009817416393915 0.040009817416393915 0.040009817416393915 
0.394 0.04103823659685086 0.04103823659685086 0.04103823659685086 0.04103823659685086 
0.395 0.04209445961510166 0.04209445961510166 0.04209445961510166 0.04209445961510166 
0.396 0.04317868409031415 0.04317868409031415 0.04317868409031415 0.04317868409031415 
0.397 0.04429102302670942 0.04429102302670942 0.04429102302670942 0.04429102302670942 
0.398 0.04543149490269588 0.04543149490269588 0.04543149490269588 0.04543149490269588 
0.399 0.04660001366558917 0.04660001366558917 0.04660001366558917 0.04660001366558917 
0.4 0.04779637882265756 0.04779637882265756 0.04779637882265756 0.04779637882265756 
0.401 0.04902026585194398 0.04902026585194398 0.04902026585194398 0.04902026585194398 
0.402 0.05027121718653048 0.05027121718653048 0.05027121718653048 0.05027121718653048 
0.403 0.05154863405147241 0.05154863405147241 0.05154863405147241 0.05154863405147241 
0.404 0.052851769450811346 0.052851769450811346 0.052851769450811346 0.052851769450811346 
0.405 0.05417972261054046 0.05417972261054046 0.05417972261054046 0.05417972261054046 
0.406 0.05553143517925956 0.05553143517925956 0.05553143517925956 0.05553143517925956 
0.407 0.05690568946974816 0.05690568946974816 0.05690568946974816 0.05690568946974816 
0.408 0.0583011089902213 0.0583011089902213 0.0583011089902213 0.0583011089902213 
0.409 0.05971616146285775 0.05971616146285775 0.05971616146285775 0.05971616146285775 
0.41 0.06114916446068114 0.06114916446068114 0.06114916446068114 0.06114916446068114 
0.411 0.06259829371361286 0.06259829371361286 0.06259829371361286 0.06259829371361286 
0.412 0.0640615940438846 0.0640615940438846 0.0640615940438846 0.0640615940438846 
0.413 0.06553699279545805 0.06553699279545805 0.06553699279545805 0.06553699279545805 
0.414 0.0670223155263415 0.0670223155263415 0.0670223155263415 0.0670223155263415 
0.415 0.0685153036433563 0.0685153036433563 0.0685153036433563 0.0685153036433563 
0.416 0.07001363358208643 0.07001363358208643 0.07001363358208643 0.07001363358208643 
0.417 0.07151493707479861 0.07151493707479861 0.07151493707479861 0.07151493707479861 
0.418 0.07301682201153216 0.07301682201153216 0.07301682201153216 0.07301682201153216 
0.419 0.07451689338484488 0.07451689338484488 0.07451689338484488 0.07451689338484488 
0.42 0.07601277381915178 0.07601277381915178 0.07601277381915178 0.07601277381915178 
0.421 0.07750212321821025 0.07750212321821025 0.07750212321821025 0.07750212321821025 
0.422 0.07898265711701363 0.07898265711701363 0.07898265711701363 0.07898265711701363 
0.423 0.08045216339229866 0.08045216339229866 0.08045216339229866 0.08045216339229866 
0.424 0.08190851706390222 0.08190851706390222 0.08190851706390222 0.08190851706390222 
0.425 0.08334969300230172 0.08334969300230172 0.08334969300230172 0.08334969300230172 
0.426 0.08477377643990154 0.08477377643990154 0.08477377643990154 0.08477377643990154 
0.427 0.08617897126156425 0.08617897126156425 0.08617897126156425 0.08617897126156425 
0.428 0.08756360611896265 0.08756360611896265 0.08756360611896265 0.08756360611896265 
0.429 0.08892613847176245 0.08892613847176245 0.08892613847176245 0.08892613847176245 
0.43 0.09026515670509386 0.09026515670509386 0.09026515670509386 0.09026515670509386 
0.431 0.09157938050624961 0.09157938050624961 0.09157938050624961 0.09157938050624961 
0.432 0.09286765970547244 0.09286765970547244 0.09286765970547244 0.09286765970547244 
0.433 0.094128971796388 0.094128971796388 0.094128971796388 0.094128971796388 
0.434 0.0953624183531765 0.0953624183531765 0.0953624183531765 0.0953624183531765 
0.435 0.0965672205551688 0.0965672205551688 0.0965672205551688 0.0965672205551688 
0.436 0.09774271401766729 0.09774271401766729 0.09774271401766729 0.09774271401766729 
0.437 0.09888834311145903 0.09888834311145903 0.09888834311145903 0.09888834311145903 
0.438 0.10000365493465922 0.10000365493465922 0.10000365493465922 0.10000365493465922 
0.439 0.1010882930803327 0.1010882930803327 0.1010882930803327 0.1010882930803327 
0.44 0.10214199132289564 0.10214199132289564 0.10214199132289564 0.10214199132289564 
0.441 0.10316456732651481 0.10316456732651481 0.10316456732651481 0.10316456732651481 
0.442 0.10415591645974649 0.10415591645974649 0.10415591645974649 0.10415591645974649 
0.443 0.10511600578380008 0.10511600578380008 0.10511600578380008 0.10511600578380008 
0.444 0.10604486826616107 0.10604486826616107 0.10604486826616107 0.10604486826616107 
0.445 0.10694259725786616 0.10694259725786616 0.10694259725786616 0.10694259725786616 
0.446 0.10780934126105765 0.10780934126105765 0.10780934126105765 0.10780934126105765 
0.447 0.10864529900349555 0.10864529900349555 0.10864529900349555 0.10864529900349555 
0.448 0.10945071482872613 0.10945071482872613 0.10945071482872613 0.10945071482872613 
0.449 0.1102258744035768 0.1102258744035768 0.1102258744035768 0.1102258744035768 
0.45 0.11097110073973748 0.11097110073973748 0.11097110073973748 0.11097110073973748 
0.451 0.11168675052163649 0.11168675052163649 0.11168675052163649 0.11168675052163649 
0.452 0.11237321073003306 0.11237321073003306 0.11237321073003306 0.11237321073003306 
0.453 0.11303089554820624 0.11303089554820624 0.11303089554820624 0.11303089554820624 
0.454 0.1136602435363092 0.1136602435363092 0.1136602435363092 0.1136602435363092 
0.455 0.11426171505818859 0.11426171505818859 0.11426171505818859 0.11426171505818859 
0.456 0.1148357899447986 0.1148357899447986 0.1148357899447986 0.1148357899447986 
0.457 0.11538296537789064 0.11538296537789064 0.11538296537789064 0.11538296537789064 
0.458 0.1159037539780888 0.1159037539780888 0.1159037539780888 0.1159037539780888 
0.459 0.11639868208169808 0.11639868208169808 0.11639868208169808 0.11639868208169808 
0.46 0.1168682881911509 0.1168682881911509 0.1168682881911509 0.1168682881911509 
0.461 0.11731312158479218 0.11731312158479218 0.11731312158479218 0.11731312158479218 
0.462 0.1177337410722362 0.1177337410722362 0.1177337410722362 0.1177337410722362 
0.463 0.11813071388253 0.11813071388253 0.11813071388253 0.11813071388253 
0.464 0.11850461467303025 0.11850461467303025 0.11850461467303025 0.11850461467303025 
0.465 0.11885602464777308 0.11885602464777308 0.11885602464777308 0.11885602464777308 
0.466 0.11918553077491417 0.11918553077491417 0.11918553077491417 0.11918553077491417 
0.467 0.11949372509355806 0.11949372509355806 0.11949372509355806 0.11949372509355806 
0.468 0.11978120410114121 0.11978120410114121 0.11978120410114121 0.11978120410114121 
0.469 0.1200485682131091 0.1200485682131091 0.1200485682131091 0.1200485682131091 
0.47 0.12029642128743612 0.12029642128743612 0.12029642128743612 0.12029642128743612 
0.471 0.12052537020709779 0.12052537020709779 0.12052537020709779 0.12052537020709779 
0.472 0.1207360245142187 0.1207360245142187 0.1207360245142187 0.1207360245142187 
0.473 0.12092899609018523 0.12092899609018523 0.12092899609018523 0.12092899609018523 
0.474 0.12110489887650107 0.12110489887650107 0.12110489887650107 0.12110489887650107 
0.475 0.12126434863170264 0.12126434863170264 0.12126434863170264 0.12126434863170264 
0.476 0.12140796271999652 0.12140796271999652 0.12140796271999652 0.12140796271999652 
0.477 0.12153635992779921 0.12153635992779921 0.12153635992779921 0.12153635992779921 
0.478 0.12165016030463757 0.12165016030463757 0.12165016030463757 0.12165016030463757 
0.479 0.12174998502528515 0.12174998502528515 0.12174998502528515 0.12174998502528515 
0.48 0.12183645627029145 0.12183645627029145 0.12183645627029145 0.12183645627029145 
0.481 0.12191019712236383 0.12191019712236383 0.12191019712236383 0.12191019712236383 
0.482 0.1219718314763303 0.1219718314763303 0.1219718314763303 0.1219718314763303 
0.483 0.12202198396064959 0.12202198396064959 0.12202198396064959 0.12202198396064959 
0.484 0.12206127986868814 0.12206127986868814 0.12206127986868814 0.12206127986868814 
0.485 0.12209034509815178 0.12209034509815178 0.12209034509815178 0.12209034509815178 
0.486 0.12210980609727776 0.12210980609727776 0.12210980609727776 0.12210980609727776 
0.487 0.12212028981656606 0.12212028981656606 0.12212028981656606 0.12212028981656606 
0.488 0.1221224236649732 0.1221224236649732 0.1221224236649732 0.1221224236649732 
0.489 0.12211683546965074 0.12211683546965074 0.12211683546965074 0.12211683546965074 
0.49 0.12210415343844228 0.12210415343844228 0.12210415343844228 0.12210415343844228 
0.491 0.1220850061244664 0.1220850061244664 0.1220850061244664 0.1220850061244664 
0.492 0.12206002239222763 0.12206002239222763 0.12206002239222763 0.12206002239222763 
0.493 0.12202983138480078 0.12202983138480078 0.12202983138480078 0.12202983138480078 
0.494 0.12199506249171142 0.12199506249171142 0.12199506249171142 0.12199506249171142 
0.495 0.12195634531722381 0.12195634531722381 0.12195634531722381 0.12195634531722381 
0.496 0.12191430964880991 0.12191430964880991 0.12191430964880991 0.12191430964880991 
0.497 0.12186958542563549 0.12186958542563549 0.12186958542563549 0.12186958542563549 
0.498 0.12182280270694766 0.12182280270694766 0.12182280270694766 0.12182280270694766 
0.499 0.12177459164029227 0.12177459164029227 0.12177459164029227 0.12177459164029227 
0.5 0.12172558242951631 0.12172558242951631 0.12172558242951631 0.12172558242951631 
0.501 0.12167640530253643 0.12167640530253643 0.12167640530253643 0.12167640530253643 
0.502 0.12162769047886732 0.12162769047886732 0.12162769047886732 0.12162769047886732 
0.503 0.12158006813691188 0.12158006813691188 0.12158006813691188 0.12158006813691188 
0.504 0.12153416838100284 0.12153416838100284 0.12153416838100284 0.12153416838100284 
0.505 0.12149062120817802 0.12149062120817802 0.12149062120817802 0.12149062120817802 
0.506 0.12145005647465205 0.12145005647465205 0.12145005647465205 0.12145005647465205 
0.507 0.12141310386190439 0.12141310386190439 0.12141310386190439 0.12141310386190439 
0.508 0.12138039284227646 0.12138039284227646 0.12138039284227646 0.12138039284227646 
0.509 0.12135255264391188 0.12135255264391188 0.12135255264391188 0.12135255264391188 
0.51 0.12133021221482428 0.12133021221482428 0.12133021221482428 0.12133021221482428 
0.511 0.12131400018580242 0.12131400018580242 0.12131400018580242 0.12131400018580242 
0.512 0.1213045448317996 0.1213045448317996 0.1213045448317996 0.1213045448317996 
0.513 0.12130247403136009 0.12130247403136009 0.12130247403136009 0.12130247403136009 
0.514 0.12130841522356099 0.12130841522356099 0.12130841522356099 0.12130841522356099 
0.515 0.12132299536184497 0.12132299536184497 0.12132299536184497 0.12132299536184497 
0.516 0.12134684086401469 0.12134684086401469 0.12134684086401469 0.12134684086401469 
0.517 0.12138057755757402 0.12138057755757402 0.12138057755757402 0.12138057755757402 
0.518 0.12142483061946162 0.12142483061946162 0.12142483061946162 0.12142483061946162 
0.519 0.12148022450914873 0.12148022450914873 0.12148022450914873 0.12148022450914873 
0.52 0.12154738289392464 0.12154738289392464 0.12154738289392464 0.12154738289392464 
0.521 0.12162692856509452 0.12162692856509452 0.12162692856509452 0.12162692856509452 
0.522 0.12171948334372379 0.12171948334372379 0.12171948334372379 0.12171948334372379 
0.523 0.12182566797441145 0.12182566797441145 0.12182566797441145 0.12182566797441145 
0.524 0.12194610200550705 0.12194610200550705 0.12194610200550705 0.12194610200550705 
0.525 0.12208140365408847 0.12208140365408847 0.12208140365408847 0.12208140365408847 
0.526 0.12223218965389224 0.12223218965389224 0.12223218965389224 0.12223218965389224 
0.527 0.12239907508437071 0.12239907508437071 0.12239907508437071 0.12239907508437071 
0.528 0.12258267317895773 0.12258267317895773 0.12258267317895773 0.12258267317895773 
0.529 0.12278359511055537 0.12278359511055537 0.12278359511055537 0.12278359511055537 
0.53 0.12300244975230117 0.12300244975230117 0.12300244975230117 0.12300244975230117 
0.531 0.12323984341159377 0.12323984341159377 0.12323984341159377 0.12323984341159377 
0.532 0.1234963795354251 0.1234963795354251 0.1234963795354251 0.1234963795354251 
0.533 0.12377265838510637 0.12377265838510637 0.12377265838510637 0.12377265838510637 
0.534 0.1240692766785398 0.1240692766785398 0.1240692766785398 0.1240692766785398 
0.535 0.124386827198343 0.124386827198343 0.124386827198343 0.124386827198343 
0.536 0.12472589836419316 0.12472589836419316 0.12472589836419316 0.12472589836419316 
0.537 0.12508707376806835 0.12508707376806835 0.12508707376806835 0.12508707376806835 
0.538 0.12547093167116782 0.12547093167116782 0.12547093167116782 0.12547093167116782 
0.539 0.12587804446162815 0.12587804446162815 0.12587804446162815 0.12587804446162815 
0.54 0.12630897807243163 0.12630897807243163 0.12630897807243163 0.12630897807243163 
0.541 0.12676429135925413 0.12676429135925413 0.12676429135925413 0.12676429135925413 
0.542 0.1272445354384166 0.1272445354384166 0.1272445354384166 0.1272445354384166 
0.543 0.1277502529854235 0.1277502529854235 0.1277502529854235 0.1277502529854235 
0.544 0.12828197749521664 0.12828197749521664 0.12828197749521664 0.12828197749521664 
0.545 0.1288402325055834 0.1288402325055834 0.1288402325055834 0.1288402325055834 
0.546 0.129425530785793 0.129425530785793 0.129425530785793 0.129425530785793 
0.547 0.13003837349309963 0.13003837349309963 0.13003837349309963 0.13003837349309963 
0.548 0.13067924930017005 0.13067924930017005 0.13067924930017005 0.13067924930017005 
0.549 0.13134863349731535 0.13134863349731535 0.13134863349731535 0.13134863349731535 
0.55 0.132046987073734 0.132046987073734 0.132046987073734 0.132046987073734 
0.551 0.1327747557827071 0.1327747557827071 0.1327747557827071 0.1327747557827071 
0.552 0.13353236919616934 0.13353236919616934 0.13353236919616934 0.13353236919616934 
0.553 0.13432023975460325 0.13432023975460325 0.13432023975460325 0.13432023975460325 
0.554 0.13513876181873644 0.13513876181873644 0.13513876181873644 0.13513876181873644 
0.555 0.13598831072982648 0.13598831072982648 0.13598831072982648 0.13598831072982648 
0.556 0.13686924188579208 0.13686924188579208 0.13686924188579208 0.13686924188579208 
0.557 0.13778188984067447 0.13778188984067447 0.13778188984067447 0.13778188984067447 
0.558 0.1387265674350973 0.1387265674350973 0.1387265674350973 0.1387265674350973 
0.559 0.1397035649655873 0.1397035649655873 0.1397035649655873 0.1397035649655873 
0.56 0.14071314940035698 0.14071314940035698 0.14071314940035698 0.14071314940035698 
0.561 0.14175556364942365 0.14175556364942365 0.14175556364942365 0.14175556364942365 
0.562 0.14283102589631394 0.14283102589631394 0.14283102589631394 0.14283102589631394 
0.563 0.14393972899850582 0.14393972899850582 0.14393972899850582 0.14393972899850582 
0.564 0.14508183996318602 0.14508183996318602 0.14508183996318602 0.14508183996318602 
0.565 0.1462574995044431 0.1462574995044431 0.1462574995044431 0.1462574995044431 
0.566 0.14746682168706193 0.14746682168706193 0.14746682168706193 0.14746682168706193 
0.567 0.14870989366175116 0.14870989366175116 0.14870989366175116 0.14870989366175116 
0.568 0.14998677549535652 0.14998677549535652 0.14998677549535652 0.14998677549535652 
0.569 0.1512975000988442 0.1512975000988442 0.1512975000988442 0.1512975000988442 
0.57 0.15264207325504653 0.15264207325504653 0.15264207325504653 0.15264207325504653 
0.571 0.15402047374687747 0.15402047374687747 0.15402047374687747 0.15402047374687747 
0.572 0.15543265358568384 0.15543265358568384 0.15543265358568384 0.15543265358568384 
0.573 0.15687853833864154 0.15687853833864154 0.15687853833864154 0.15687853833864154 
0.574 0.1583580275529419 0.1583580275529419 0.1583580275529419 0.1583580275529419 
0.575 0.15987099527329682 0.15987099527329682 0.15987099527329682 0.15987099527329682 
0.576 0.16141729064895147 0.16141729064895147 0.16141729064895147 0.16141729064895147 
0.577 0.1629967386248378 0.1629967386248378 0.1629967386248378 0.1629967386248378 
0.578 0.1646091407114782 0.1646091407114782 0.1646091407114782 0.1646091407114782 
0.579 0.16625427582684893 0.16625427582684893 0.16625427582684893 0.16625427582684893 
0.58 0.16793190120357737 0.16793190120357737 0.16793190120357737 0.16793190120357737 
0.581 0.16964175335379186 0.16964175335379186 0.16964175335379186 0.16964175335379186 
0.582 0.17138354908401812 0.17138354908401812 0.17138354908401812 0.17138354908401812 
0.583 0.1731569865520108 0.1731569865520108 0.1731569865520108 0.1731569865520108 
0.584 0.17496174635771136 0.17496174635771136 0.17496174635771136 0.17496174635771136 
0.585 0.1767974926600294 0.1767974926600294 0.1767974926600294 0.1767974926600294 
0.586 0.17866387431167316 0.17866387431167316 0.17866387431167316 0.17866387431167316 
0.587 0.18056052600414524 0.18056052600414524 0.18056052600414524 0.18056052600414524 
0.588 0.18248706941574586 0.18248706941574586 0.18248706941574586 0.18248706941574586 
0.589 0.1844431143552975 0.1844431143552975 0.1844431143552975 0.1844431143552975 
0.59 0.18642825989497505 0.18642825989497505 0.18642825989497505 0.18642825989497505 
0.591 0.18844209548638435 0.18844209548638435 0.18844209548638435 0.18844209548638435 
0.592 0.19048420205389008 0.19048420205389008 0.19048420205389008 0.19048420205389008 
0.593 0.19255415306058937 0.19255415306058937 0.19255415306058937 0.19255415306058937 
0.594 0.194651515542057 0.194651515542057 0.194651515542057 0.194651515542057 
0.595 0.19677585110428697 0.19677585110428697 0.19677585110428697 0.19677585110428697 
0.596 0.1989267168823546 0.1989267168823546 0.1989267168823546 0.1989267168823546 
0.597 0.20110366645724395 0.20110366645724395 0.20110366645724395 0.20110366645724395 
0.598 0.2033062507283977 0.2033062507283977 0.2033062507283977 0.2033062507283977 
0.599 0.2055340187404732 0.2055340187404732 0.2055340187404732 0.2055340187404732 
0.6 0.2077865184632846 0.2077865184632846 0.2077865184632846 0.2077865184632846 
0.601 0.21006329752397918 0.21006329752397918 0.21006329752397918 0.21006329752397918 
0.602 0.21236390389133764 0.21236390389133764 0.21236390389133764 0.21236390389133764 
0.603 0.2146878865121476 0.2146878865121476 0.2146878865121476 0.2146878865121476 
0.604 0.21703479590041724 0.21703479590041724 0.21703479590041724 0.21703479590041724 
0.605 0.21940418467980335 0.21940418467980335 0.21940418467980335 0.21940418467980335 
0.606 0.22179560808060272 0.22179560808060272 0.22179560808060272 0.22179560808060272 
0.607 0.22420862439242906 0.22420862439242906 0.22420862439242906 0.22420862439242906 
0.608 0.2266427953740706 0.2266427953740706 0.2266427953740706 0.2266427953740706 
0.609 0.2290976866221426 0.2290976866221426 0.2290976866221426 0.2290976866221426 
0.61 0.23157286790031423 0.23157286790031423 0.23157286790031423 0.23157286790031423 
0.611 0.23406791343081346 0.23406791343081346 0.23406791343081346 0.23406791343081346 
0.612 0.236582402150426 0.236582402150426 0.236582402150426 0.236582402150426 
0.613 0.23911591793252962 0.23911591793252962 0.23911591793252962 0.23911591793252962 
0.614 0.24166804977759254 0.24166804977759254 0.24166804977759254 0.24166804977759254 
0.615 0.24423839197368974 0.24423839197368974 0.24423839197368974 0.24423839197368974 
0.616 0.24682654422931843 0.24682654422931843 0.24682654422931843 0.24682654422931843 
0.617 0.24943211178030716 0.24943211178030716 0.24943211178030716 0.24943211178030716 
0.618 0.25205470547273773 0.25205470547273773 0.25205470547273773 0.25205470547273773 
0.619 0.2546939418237549 0.2546939418237549 0.2546939418237549 0.2546939418237549 
0.62 0.25734944306189744 0.25734944306189744 0.25734944306189744 0.25734944306189744 
0.621 0.2600208371489774 0.2600208371489774 0.2600208371489774 0.2600208371489774 
0.622 0.26270775778474936 0.26270775778474936 0.26270775778474936 0.26270775778474936 
0.623 0.2654098443962123 0.2654098443962123 0.2654098443962123 0.2654098443962123 
0.624 0.268126742113026 0.268126742113026 0.268126742113026 0.268126742113026 
0.625 0.270858101730191 0.270858101730191 0.270858101730191 0.270858101730191 
0.626 0.2736035796595938 0.2736035796595938 0.2736035796595938 0.2736035796595938 
0.627 0.27636283787153837 0.27636283787153837 0.27636283787153837 0.27636283787153837 
0.628 0.27913554382731903 0.27913554382731903 0.27913554382731903 0.27913554382731903 
0.629 0.2819213704041816 0.2819213704041816 0.2819213704041816 0.2819213704041816 
0.63 0.28471999581343704 0.28471999581343704 0.28471999581343704 0.28471999581343704 
0.631 0.28753110351265476 0.28753110351265476 0.28753110351265476 0.28753110351265476 
0.632 0.29035438211306736 0.29035438211306736 0.29035438211306736 0.29035438211306736 
0.633 0.2931895252825946 0.2931895252825946 0.2931895252825946 0.2931895252825946 
0.634 0.29603623164551957 0.29603623164551957 0.29603623164551957 0.29603623164551957 
0.635 0.2988942046793377 0.2988942046793377 0.2988942046793377 0.2988942046793377 
0.636 0.3017631526094162 0.3017631526094162 0.3017631526094162 0.3017631526094162 
0.637 0.3046427883020195 0.3046427883020195 0.3046427883020195 0.3046427883020195 
0.638 0.3075328291561943 0.3075328291561943 0.3075328291561943 0.3075328291561943 
0.639 0.3104329969949722 0.3104329969949722 0.3104329969949722 0.3104329969949722 
0.64 0.31334301795629593 0.31334301795629593 0.31334301795629593 0.31334301795629593 
0.641 0.3162626223840595 0.3162626223840595 0.3162626223840595 0.3162626223840595 
0.642 0.3191915447194643 0.3191915447194643 0.3191915447194643 0.3191915447194643 
0.643 0.322129523393255 0.322129523393255 0.322129523393255 0.322129523393255 
0.644 0.32507630071872007 0.32507630071872007 0.32507630071872007 0.32507630071872007 
0.645 0.32803162278608133 0.32803162278608133 0.32803162278608133 0.32803162278608133 
0.646 0.3309952393580986 0.3309952393580986 0.3309952393580986 0.3309952393580986 
0.647 0.3339669037673302 0.3339669037673302 0.3339669037673302 0.3339669037673302 
0.648 0.3369463728150832 0.3369463728150832 0.3369463728150832 0.3369463728150832 
0.649 0.33993340667219657 0.33993340667219657 0.33993340667219657 0.33993340667219657 
0.65 0.3429277687817657 0.3429277687817657 0.3429277687817657 0.3429277687817657 
0.651 0.34592922576390234 0.34592922576390234 0.34592922576390234 0.34592922576390234 
0.652 0.3489375473225968 0.3489375473225968 0.3489375473225968 0.3489375473225968 
0.653 0.35195250615474466 0.35195250615474466 0.35195250615474466 0.35195250615474466 
0.654 0.35497387786137957 0.35497387786137957 0.35497387786137957 0.35497387786137957 
0.655 0.35800144086117136 0.35800144086117136 0.35800144086117136 0.35800144086117136 
0.656 0.36103497630609793 0.36103497630609793 0.36103497630609793 0.36103497630609793 
0.657 0.3640742679995214 0.3640742679995214 0.3640742679995214 0.3640742679995214 
0.658 0.36711910231648504 0.36711910231648504 0.36711910231648504 0.36711910231648504 
0.659 0.37016926812621126 0.37016926812621126 0.37016926812621126 0.37016926812621126 
0.66 0.3732245567170249 0.3732245567170249 0.3732245567170249 0.3732245567170249 
0.661 0.3762847617233497 0.3762847617233497 0.3762847617233497 0.3762847617233497 
0.662 0.37934967905510486 0.37934967905510486 0.37934967905510486 0.37934967905510486 
0.663 0.38241910682915337 0.38241910682915337 0.38241910682915337 0.38241910682915337 
0.664 0.3854928453029877 0.3854928453029877 0.3854928453029877 0.3854928453029877 
0.665 0.3885706968106189 0.3885706968106189 0.3885706968106189 0.3885706968106189 
0.666 0.39165246570043877 0.39165246570043877 0.39165246570043877 0.39165246570043877 
0.667 0.39473795827523345 0.39473795827523345 0.39473795827523345 0.39473795827523345 
0.668 0.39782698273420103 0.39782698273420103 0.39782698273420103 0.39782698273420103 
0.669 0.4009193491169499 0.4009193491169499 0.4009193491169499 0.4009193491169499 
0.67 0.4040148692494357 0.4040148692494357 0.4040148692494357 0.4040148692494357 
0.671 0.4071133566917944 0.4071133566917944 0.4071133566917944 0.4071133566917944 
0.672 0.41021462668802494 0.41021462668802494 0.41021462668802494 0.41021462668802494 
0.673 0.41331849611747495 0.41331849611747495 0.41331849611747495 0.41331849611747495 
0.674 0.41642478344808587 0.41642478344808587 0.41642478344808587 0.41642478344808587 
0.675 0.41953330869134886 0.41953330869134886 0.41953330869134886 0.41953330869134886 
0.676 0.42264389335893066 0.42264389335893066 0.42264389335893066 0.42264389335893066 
0.677 0.42575636042091586 0.42575636042091586 0.42575636042091586 0.42575636042091586 
0.678 0.42887053426564786 0.42887053426564786 0.42887053426564786 0.42887053426564786 
0.679 0.4319862406610228 0.4319862406610228 0.4319862406610228 0.4319862406610228 
0.68 0.43510330671738245 0.43510330671738245 0.43510330671738245 0.43510330671738245 
0.681 0.4382215608517781 0.4382215608517781 0.4382215608517781 0.4382215608517781 
0.682 0.4413408327536472 0.4413408327536472 0.4413408327536472 0.4413408327536472 
0.683 0.44446095335187336 0.44446095335187336 0.44446095335187336 0.44446095335187336 
0.684 0.44758175478308243 0.44758175478308243 0.44758175478308243 0.44758175478308243 
0.685 0.45070307036132756 0.45070307036132756 0.45070307036132756 0.45070307036132756 
0.686 0.45382473454893546 0.45382473454893546 0.45382473454893546 0.45382473454893546 
0.687 0.4569465829285881 0.4569465829285881 0.4569465829285881 0.4569465829285881 
0.688 0.46006845217648956 0.46006845217648956 0.46006845217648956 0.46006845217648956 
0.689 0.46319018003676277 0.46319018003676277 0.46319018003676277 0.46319018003676277 
0.69 0.46631160529686216 0.46631160529686216 0.46631160529686216 0.46631160529686216 
0.691 0.4694325677640562 0.4694325677640562 0.4694325677640562 0.4694325677640562 
0.692 0.47255290824291024 0.47255290824291024 0.47255290824291024 0.47255290824291024 
0.693 0.4756724685137969 0.4756724685137969 0.4756724685137969 0.4756724685137969 
0.694 0.47879109131241493 0.47879109131241493 0.47879109131241493 0.47879109131241493 
0.695 0.4819086203098232 0.4819086203098232 0.4819086203098232 0.4819086203098232 
0.696 0.4850249000940183 0.4850249000940183 0.4850249000940183 0.4850249000940183 
0.697 0.4881397761519317 0.4881397761519317 0.4881397761519317 0.4881397761519317 
0.698 0.49125309485235497 0.49125309485235497 0.49125309485235497 0.49125309485235497 
0.699 0.4943647034296927 0.4943647034296927 0.4943647034296927 0.4943647034296927 
0.7 0.49747444996849827 0.49747444996849827 0.49747444996849827 0.49747444996849827 
0.701 0.5005821833887009 0.5005821833887009 0.5005821833887009 0.5005821833887009 
0.702 0.5036877534316663 0.5036877534316663 0.5036877534316663 0.5036877534316663 
0.703 0.5067910106468395 0.5067910106468395 0.5067910106468395 0.5067910106468395 
0.704 0.5098918063791883 0.5098918063791883 0.5098918063791883 0.5098918063791883 
0.705 0.5129899927571983 0.5129899927571983 0.5129899927571983 0.5129899927571983 
0.706 0.5160854226815464 0.5160854226815464 0.5160854226815464 0.5160854226815464 
0.707 0.5191779498144377 0.5191779498144377 0.5191779498144377 0.5191779498144377 
0.708 0.5222674285694411 0.5222674285694411 0.5222674285694411 0.5222674285694411 
0.709 0.5253537141019474 0.5253537141019474 0.5253537141019474 0.5253537141019474 
0.71 0.5284366623002235 0.5284366623002235 0.5284366623002235 0.5284366623002235 
0.711 0.531516129776919 0.531516129776919 0.531516129776919 0.531516129776919 
0.712 0.5345919738611326 0.5345919738611326 0.5345919738611326 0.5345919738611326 
0.713 0.5376640525910218 0.5376640525910218 0.5376640525910218 0.5376640525910218 
0.714 0.5407322247068181 0.5407322247068181 0.5407322247068181 0.5407322247068181 
0.715 0.5437963496443645 0.5437963496443645 0.5437963496443645 0.5437963496443645 
0.716 0.5468562875290759 0.5468562875290759 0.5468562875290759 0.5468562875290759 
0.717 0.5499118991704022 0.5499118991704022 0.5499118991704022 0.5499118991704022 
0.718 0.5529630460566286 0.5529630460566286 0.5529630460566286 0.5529630460566286 
0.719 0.5560095903501273 0.5560095903501273 0.5560095903501273 0.5560095903501273 
0.72 0.5590513948830549 0.5590513948830549 0.5590513948830549 0.5590513948830549 
0.721 0.5620883231533343 0.5620883231533343 0.5620883231533343 0.5620883231533343 
0.722 0.5651202393211167 0.5651202393211167 0.5651202393211167 0.5651202393211167 
0.723 0.5681470082055197 0.5681470082055197 0.5681470082055197 0.5681470082055197 
0.724 0.5711684952817493 0.5711684952817493 0.5711684952817493 0.5711684952817493 
0.725 0.5741845666785972 0.5741845666785972 0.5741845666785972 0.5741845666785972 
0.726 0.577195089176199 0.577195089176199 0.577195089176199 0.577195089176199 
0.727 0.5801999302041407 0.5801999302041407 0.5801999302041407 0.5801999302041407 
0.728 0.583198957839915 0.583198957839915 0.583198957839915 0.583198957839915 
0.729 0.586192040807592 0.586192040807592 0.586192040807592 0.586192040807592 
0.73 0.5891790484768727 0.5891790484768727 0.5891790484768727 0.5891790484768727 
0.731 0.5921598508623483 0.5921598508623483 0.5921598508623483 0.5921598508623483 
0.732 0.5951343186230602 0.5951343186230602 0.5951343186230602 0.5951343186230602 
0.733 0.5981023230623672 0.5981023230623672 0.5981023230623672 0.5981023230623672 
0.734 0.6010637361279854 0.6010637361279854 0.6010637361279854 0.6010637361279854 
0.735 0.6040184304123709 0.6040184304123709 0.6040184304123709 0.6040184304123709 
0.736 0.6069662791532583 0.6069662791532583 0.6069662791532583 0.6069662791532583 
0.737 0.6099071562345189 0.6099071562345189 0.6099071562345189 0.6099071562345189 
0.738 0.6128409361871684 0.6128409361871684 0.6128409361871684 0.6128409361871684 
0.739 0.6157674941906774 0.6157674941906774 0.6157674941906774 0.6157674941906774 
0.74 0.6186867060744214 0.6186867060744214 0.6186867060744214 0.6186867060744214 
0.741 0.6215984483194196 0.6215984483194196 0.6215984483194196 0.6215984483194196 
0.742 0.6245025980602039 0.6245025980602039 0.6245025980602039 0.6245025980602039 
0.743 0.6273990330869645 0.6273990330869645 0.6273990330869645 0.6273990330869645 
0.744 0.6302876318478168 0.6302876318478168 0.6302876318478168 0.6302876318478168 
0.745 0.6331682734513311 0.6331682734513311 0.6331682734513311 0.6331682734513311 
0.746 0.6360408376691815 0.6360408376691815 0.6360408376691815 0.6360408376691815 
0.747 0.6389052049390399 0.6389052049390399 0.6389052049390399 0.6389052049390399 
0.748 0.641761256367584 0.641761256367584 0.641761256367584 0.641761256367584 
0.749 0.6446088737337453 0.6446088737337453 0.6446088737337453 0.6446088737337453 
0.75 0.647447939492059 0.647447939492059 0.647447939492059 0.647447939492059 
0.751 0.6502783367762462 0.6502783367762462 0.6502783367762462 0.6502783367762462 
0.752 0.6530999494028918 0.6530999494028918 0.6530999494028918 0.6530999494028918 
0.753 0.6559126618753499 0.6559126618753499 0.6559126618753499 0.6559126618753499 
0.754 0.6587163593877335 0.6587163593877335 0.6587163593877335 0.6587163593877335 
0.755 0.6615109278291291 0.6615109278291291 0.6615109278291291 0.6615109278291291 
0.756 0.6642962537878887 0.6642962537878887 0.6642962537878887 0.6642962537878887 
0.757 0.667072224556131 0.667072224556131 0.667072224556131 0.667072224556131 
0.758 0.6698387281343596 0.6698387281343596 0.6698387281343596 0.6698387281343596 
0.759 0.6725956532361965 0.6725956532361965 0.6725956532361965 0.6725956532361965 
0.76 0.6753428892933164 0.6753428892933164 0.6753428892933164 0.6753428892933164 
0.761 0.6780803264604452 0.6780803264604452 0.6780803264604452 0.6780803264604452 
0.762 0.680807855620561 0.680807855620561 0.680807855620561 0.680807855620561 
0.763 0.6835253683901902 0.6835253683901902 0.6835253683901902 0.6835253683901902 
0.764 0.6862327571248205 0.6862327571248205 0.6862327571248205 0.6862327571248205 
0.765 0.6889299149244928 0.6889299149244928 0.6889299149244928 0.6889299149244928 
0.766 0.6916167356394572 0.6916167356394572 0.6916167356394572 0.6916167356394572 
0.767 0.6942931138760123 0.6942931138760123 0.6942931138760123 0.6942931138760123 
0.768 0.6969589450024426 0.6969589450024426 0.6969589450024426 0.6969589450024426 
0.769 0.6996141251550512 0.6996141251550512 0.6996141251550512 0.6996141251550512 
0.77 0.7022585512443688 0.7022585512443688 0.7022585512443688 0.7022585512443688 
0.771 0.7048921209614487 0.7048921209614487 0.7048921209614487 0.7048921209614487 
0.772 0.7075147327842656 0.7075147327842656 0.7075147327842656 0.7075147327842656 
0.773 0.7101262859842724 0.7101262859842724 0.7101262859842724 0.7101262859842724 
0.774 0.7127266806330506 0.7127266806330506 0.7127266806330506 0.7127266806330506 
0.775 0.715315817609056 0.715315817609056 0.715315817609056 0.715315817609056 
0.776 0.7178935986045235 0.7178935986045235 0.7178935986045235 0.7178935986045235 
0.777 0.7204599261324555 0.7204599261324555 0.7204599261324555 0.7204599261324555 
0.778 0.7230147035337136 0.7230147035337136 0.7230147035337136 0.7230147035337136 
0.779 0.7255578349842537 0.7255578349842537 0.7255578349842537 0.7255578349842537 
0.78 0.7280892255024585 0.7280892255024585 0.7280892255024585 0.7280892255024585 
0.781 0.730608780956554 0.730608780956554 0.730608780956554 0.730608780956554 
0.782 0.7331164080721836 0.7331164080721836 0.7331164080721836 0.7331164080721836 
0.783 0.7356120144400636 0.7356120144400636 0.7356120144400636 0.7356120144400636 
0.784 0.738095508523734 0.738095508523734 0.738095508523734 0.738095508523734 
0.785 0.7405667996674545 0.7405667996674545 0.7405667996674545 0.7405667996674545 
0.786 0.7430257981041826 0.7430257981041826 0.7430257981041826 0.7430257981041826 
0.787 0.7454724149636702 0.7454724149636702 0.7454724149636702 0.7454724149636702 
0.788 0.7479065622806486 0.7479065622806486 0.7479065622806486 0.7479065622806486 
0.789 0.7503281530031497 0.7503281530031497 0.7503281530031497 0.7503281530031497 
0.79 0.7527371010009222 0.7527371010009222 0.7527371010009222 0.7527371010009222 
0.791 0.7551333210739315 0.7551333210739315 0.7551333210739315 0.7551333210739315 
0.792 0.7575167289610053 0.7575167289610053 0.7575167289610053 0.7575167289610053 
0.793 0.7598872413485591 0.7598872413485591 0.7598872413485591 0.7598872413485591 
0.794 0.762244775879439 0.762244775879439 0.762244775879439 0.762244775879439 
0.795 0.7645892511618486 0.7645892511618486 0.7645892511618486 0.7645892511618486 
0.796 0.7669205867784175 0.7669205867784175 0.7669205867784175 0.7669205867784175 
0.797 0.7692387032953465 0.7692387032953465 0.7692387032953465 0.7692387032953465 
0.798 0.7715435222716733 0.7715435222716733 0.7715435222716733 0.7715435222716733 
0.799 0.7738349662686222 0.7738349662686222 0.7738349662686222 0.7738349662686222 
0.8 0.7761129588590894 0.7761129588590894 0.7761129588590894 0.7761129588590894 
0.801 0.7783774246372106 0.7783774246372106 0.7783774246372106 0.7783774246372106 
0.802 0.7806282892280431 0.7806282892280431 0.7806282892280431 0.7806282892280431 
0.803 0.7828654792973371 0.7828654792973371 0.7828654792973371 0.7828654792973371 
0.804 0.7850889225614337 0.7850889225614337 0.7850889225614337 0.7850889225614337 
0.805 0.787298547797255 0.787298547797255 0.787298547797255 0.787298547797255 
0.806 0.7894942848523973 0.7894942848523973 0.7894942848523973 0.7894942848523973 
0.807 0.7916760646553193 0.7916760646553193 0.7916760646553193 0.7916760646553193 
0.808 0.793843819225656 0.793843819225656 0.793843819225656 0.793843819225656 
0.809 0.7959974816846175 0.7959974816846175 0.7959974816846175 0.7959974816846175 
0.81 0.7981369862654984 0.7981369862654984 0.7981369862654984 0.7981369862654984 
0.811 0.8002622683242744 0.8002622683242744 0.8002622683242744 0.8002622683242744 
0.812 0.8023732643503244 0.8023732643503244 0.8023732643503244 0.8023732643503244 
0.813 0.8044699119772387 0.8044699119772387 0.8044699119772387 0.8044699119772387 
0.814 0.8065521499937294 0.8065521499937294 0.8065521499937294 0.8065521499937294 
0.815 0.8086199183546456 0.8086199183546456 0.8086199183546456 0.8086199183546456 
0.816 0.8106731581920755 0.8106731581920755 0.8106731581920755 0.8106731581920755 
0.817 0.8127118118265665 0.8127118118265665 0.8127118118265665 0.8127118118265665 
0.818 0.8147358227784312 0.8147358227784312 0.8147358227784312 0.8147358227784312 
0.819 0.8167451357791516 0.8167451357791516 0.8167451357791516 0.8167451357791516 
0.82 0.8187396967828863 0.8187396967828863 0.8187396967828863 0.8187396967828863 
0.821 0.8207194529780564 0.8207194529780564 0.8207194529780564 0.8207194529780564 
0.822 0.8226843527990496 0.8226843527990496 0.8226843527990496 0.8226843527990496 
0.823 0.824634345938001 0.824634345938001 0.824634345938001 0.824634345938001 
0.824 0.8265693833566716 0.8265693833566716 0.8265693833566716 0.8265693833566716 
0.825 0.8284894172984197 0.8284894172984197 0.8284894172984197 0.8284894172984197 
0.826 0.8303944013002483 0.8303944013002483 0.8303944013002483 0.8303944013002483 
0.827 0.8322842902049626 0.8322842902049626 0.8322842902049626 0.8322842902049626 
0.828 0.8341590401733981 0.8341590401733981 0.8341590401733981 0.8341590401733981 
0.829 0.8360186086967377 0.8360186086967377 0.8360186086967377 0.8360186086967377 
0.83 0.837862954608911 0.837862954608911 0.837862954608911 0.837862954608911 
0.831 0.8396920380990789 0.8396920380990789 0.8396920380990789 0.8396920380990789 
0.832 0.8415058207241831 0.8415058207241831 0.8415058207241831 0.8415058207241831 
0.833 0.8433042654215922 0.8433042654215922 0.8433042654215922 0.8433042654215922 
0.834 0.845087336521809 0.845087336521809 0.845087336521809 0.845087336521809 
0.835 0.8468549997612507 0.8468549997612507 0.8468549997612507 0.8468549997612507 
0.836 0.8486072222951054 0.8486072222951054 0.8486072222951054 0.8486072222951054 
0.837 0.8503439727102372 0.8503439727102372 0.8503439727102372 0.8503439727102372 
0.838 0.85206522103818 0.85206522103818 0.85206522103818 0.85206522103818 
0.839 0.8537709387681711 0.8537709387681711 0.8537709387681711 0.8537709387681711 
0.84 0.8554610988602525 0.8554610988602525 0.8554610988602525 0.8554610988602525 
0.841 0.8571356757584185 0.8571356757584185 0.8571356757584185 0.8571356757584185 
0.842 0.85879464540382 0.85879464540382 0.85879464540382 0.85879464540382 
0.843 0.8604379852480024 0.8604379852480024 0.8604379852480024 0.8604379852480024 
0.844 0.8620656742662036 0.8620656742662036 0.8620656742662036 0.8620656742662036 
0.845 0.863677692970673 0.863677692970673 0.863677692970673 0.863677692970673 
0.846 0.8652740234240325 0.8652740234240325 0.8652740234240325 0.8652740234240325 
0.847 0.8668546492526613 0.8668546492526613 0.8668546492526613 0.8668546492526613 
0.848 0.8684195556601056 0.8684195556601056 0.8684195556601056 0.8684195556601056 
0.849 0.8699687294405073 0.8699687294405073 0.8699687294405073 0.8699687294405073 
0.85 0.8715021589920372 0.8715021589920372 0.8715021589920372 0.8715021589920372 
0.851 0.8730198343303485 0.8730198343303485 0.8730198343303485 0.8730198343303485 
0.852 0.8745217471020217 0.8745217471020217 0.8745217471020217 0.8745217471020217 
0.853 0.8760078905980061 0.8760078905980061 0.8760078905980061 0.8760078905980061 
0.854 0.8774782597670486 0.8774782597670486 0.8774782597670486 0.8774782597670486 
0.855 0.8789328512291049 0.8789328512291049 0.8789328512291049 0.8789328512291049 
0.856 0.8803716632887262 0.8803716632887262 0.8803716632887262 0.8803716632887262 
0.857 0.8817946959484045 0.8817946959484045 0.8817946959484045 0.8817946959484045 
0.858 0.8832019509218877 0.8832019509218877 0.8832019509218877 0.8832019509218877 
0.859 0.8845934316474409 0.8845934316474409 0.8845934316474409 0.8845934316474409 
0.86 0.8859691433010467 0.8859691433010467 0.8859691433010467 0.8859691433010467 
0.861 0.8873290928095432 0.8873290928095432 0.8873290928095432 0.8873290928095432 
0.862 0.8886732888636856 0.8886732888636856 0.8886732888636856 0.8886732888636856 
0.863 0.8900017419311217 0.8900017419311217 0.8900017419311217 0.8900017419311217 
0.864 0.8913144642692742 0.8913144642692742 0.8913144642692742 0.8913144642692742 
0.865 0.8926114699381141 0.8926114699381141 0.8926114699381141 0.8926114699381141 
0.866 0.8938927748128251 0.8938927748128251 0.8938927748128251 0.8938927748128251 
0.867 0.8951583965963354 0.8951583965963354 0.8951583965963354 0.8951583965963354 
0.868 0.8964083548317137 0.8964083548317137 0.8964083548317137 0.8964083548317137 
0.869 0.8976426709144146 0.8976426709144146 0.8976426709144146 0.8976426709144146 
0.87 0.8988613681043628 0.8988613681043628 0.8988613681043628 0.8988613681043628 
0.871 0.9000644715378597 0.9000644715378597 0.9000644715378597 0.9000644715378597 
0.872 0.9012520082393053 0.9012520082393053 0.9012520082393053 0.9012520082393053 
0.873 0.9024240071327114 0.9024240071327114 0.9024240071327114 0.9024240071327114 
0.874 0.903580499053007 0.903580499053007 0.903580499053007 0.903580499053007 
0.875 0.9047215167571081 0.9047215167571081 0.9047215167571081 0.9047215167571081 
0.876 0.9058470949347427 0.9058470949347427 0.9058470949347427 0.9058470949347427 
0.877 0.9069572702190098 0.9069572702190098 0.9069572702190098 0.9069572702190098 
0.878 0.9080520811966704 0.9080520811966704 0.9080520811966704 0.9080520811966704 
0.879 0.9091315684181309 0.9091315684181309 0.9091315684181309 0.9091315684181309 
0.88 0.9101957744071258 0.9101957744071258 0.9101957744071258 0.9101957744071258 
0.881 0.9112447436700625 0.9112447436700625 0.9112447436700625 0.9112447436700625 
0.882 0.9122785227050222 0.9122785227050222 0.9122785227050222 0.9122785227050222 
0.883 0.9132971600103921 0.9132971600103921 0.9132971600103921 0.9132971600103921 
0.884 0.9143007060931122 0.9143007060931122 0.9143007060931122 0.9143007060931122 
0.885 0.91528921347651 0.91528921347651 0.91528921347651 0.91528921347651 
0.886 0.9162627367077133 0.9162627367077133 0.9162627367077133 0.9162627367077133 
0.887 0.9172213323646073 0.9172213323646073 0.9172213323646073 0.9172213323646073 
0.888 0.9181650590623266 0.9181650590623266 0.9181650590623266 0.9181650590623266 
0.889 0.9190939774592451 0.9190939774592451 0.9190939774592451 0.9190939774592451 
0.89 0.9200081502624564 0.9200081502624564 0.9200081502624564 0.9200081502624564 
0.891 0.9209076422327012 0.9209076422327012 0.9209076422327012 0.9209076422327012 
0.892 0.9217925201887388 0.9217925201887388 0.9217925201887388 0.9217925201887388 
0.893 0.9226628530111195 0.9226628530111195 0.9226628530111195 0.9226628530111195 
0.894 0.9235187116453399 0.9235187116453399 0.9235187116453399 0.9235187116453399 
0.895 0.9243601691043519 0.9243601691043519 0.9243601691043519 0.9243601691043519 
0.896 0.9251873004703977 0.9251873004703977 0.9251873004703977 0.9251873004703977 
0.897 0.9260001828961455 0.9260001828961455 0.9260001828961455 0.9260001828961455 
0.898 0.926798895605091 0.926798895605091 0.926798895605091 0.926798895605091 
0.899 0.9275835198911991 0.9275835198911991 0.9275835198911991 0.9275835198911991 
0.9 0.9283541391177541 0.9283541391177541 0.9283541391177541 0.9283541391177541 
0.901 0.9291108387153832 0.9291108387153832 0.9291108387153832 0.9291108387153832 
0.902 0.9298537061792315 0.9298537061792315 0.9298537061792315 0.9298537061792315 
0.903 0.9305828310652393 0.9305828310652393 0.9305828310652393 0.9305828310652393 
0.904 0.9312983049855059 0.9312983049855059 0.9312983049855059 0.9312983049855059 
0.905 0.9320002216026859 0.9320002216026859 0.9320002216026859 0.9320002216026859 
0.906 0.9326886766234015 0.9326886766234015 0.9326886766234015 0.9326886766234015 
0.907 0.9333637677906194 0.9333637677906194 0.9333637677906194 0.9333637677906194 
0.908 0.9340255948749652 0.9340255948749652 0.9340255948749652 0.9340255948749652 
0.909 0.934674259664929 0.934674259664929 0.934674259664929 0.934674259664929 
0.91 0.9353098659559317 0.9353098659559317 0.9353098659559317 0.9353098659559317 
0.911 0.9359325195382067 0.9359325195382067 0.9359325195382067 0.9359325195382067 
0.912 0.9365423281834552 0.9365423281834552 0.9365423281834552 0.9365423281834552 
0.913 0.9371394016302386 0.9371394016302386 0.9371394016302386 0.9371394016302386 
0.914 0.9377238515680671 0.9377238515680671 0.9377238515680671 0.9377238515680671 
0.915 0.9382957916201307 0.9382957916201307 0.9382957916201307 0.9382957916201307 
0.916 0.9388553373246401 0.9388553373246401 0.9388553373246401 0.9388553373246401 
0.917 0.9394026061147284 0.9394026061147284 0.9394026061147284 0.9394026061147284 
0.918 0.9399377172968667 0.9399377172968667 0.9399377172968667 0.9399377172968667 
0.919 0.9404607920277481 0.9404607920277481 0.9404607920277481 0.9404607920277481 
0.92 0.9409719532895956 0.9409719532895956 0.9409719532895956 0.9409719532895956 
0.921 0.9414713258638403 0.9414713258638403 0.9414713258638403 0.9414713258638403 
0.922 0.941959036303126 0.941959036303126 0.941959036303126 0.941959036303126 
0.923 0.9424352129015869 0.9424352129015869 0.9424352129015869 0.9424352129015869 
0.924 0.942899985663352 0.942899985663352 0.942899985663352 0.942899985663352 
0.925 0.9433534862692194 0.9433534862692194 0.9433534862692194 0.9433534862692194 
0.926 0.9437958480414523 0.9437958480414523 0.9437958480414523 0.9437958480414523 
0.927 0.9442272059066433 0.9442272059066433 0.9442272059066433 0.9442272059066433 
0.928 0.9446476963565936 0.9446476963565936 0.9446476963565936 0.9446476963565936 
0.929 0.9450574574071504 0.9450574574071504 0.9450574574071504 0.9450574574071504 
0.93 0.9454566285549488 0.9454566285549488 0.9454566285549488 0.9454566285549488 
0.931 0.9458453507320049 0.9458453507320049 0.9458453507320049 0.9458453507320049 
0.932 0.9462237662581002 0.9462237662581002 0.9462237662581002 0.9462237662581002 
0.933 0.9465920187909029 0.9465920187909029 0.9465920187909029 0.9465920187909029 
0.934 0.9469502532737629 0.9469502532737629 0.9469502532737629 0.9469502532737629 
0.935 0.9472986158811333 0.9472986158811333 0.9472986158811333 0.9472986158811333 
0.936 0.9476372539615462 0.9476372539615462 0.9476372539615462 0.9476372539615462 
0.937 0.947966315978093 0.947966315978093 0.947966315978093 0.947966315978093 
0.938 0.9482859514463458 0.9482859514463458 0.9482859514463458 0.9482859514463458 
0.939 0.9485963108696606 0.9485963108696606 0.9485963108696606 0.9485963108696606 
0.94 0.9488975456717974 0.9488975456717974 0.9488975456717974 0.9488975456717974 
0.941 0.9491898081268031 0.9491898081268031 0.9491898081268031 0.9491898081268031 
0.942 0.949473251286089 0.949473251286089 0.949473251286089 0.949473251286089 
0.943 0.9497480289026453 0.9497480289026453 0.9497480289026453 0.9497480289026453 
0.944 0.9500142953523274 0.9500142953523274 0.9500142953523274 0.9500142953523274 
0.945 0.9502722055521515 0.9502722055521515 0.9502722055521515 0.9502722055521515 
0.946 0.9505219148755424 0.9505219148755424 0.9505219148755424 0.9505219148755424 
0.947 0.9507635790644604 0.9507635790644604 0.9507635790644604 0.9507635790644604 
0.948 0.950997354138352 0.950997354138352 0.950997354138352 0.950997354138352 
0.949 0.951223396299863 0.951223396299863 0.951223396299863 0.951223396299863 
0.95 0.9514418618372388 0.9514418618372388 0.9514418618372388 0.9514418618372388 
0.951 0.9516529070233652 0.9516529070233652 0.9516529070233652 0.9516529070233652 
0.952 0.9518566880113726 0.9518566880113726 0.9518566880113726 0.9518566880113726 
0.953 0.952053360726747 0.952053360726747 0.952053360726747 0.952053360726747 
0.954 0.9522430807558868 0.9522430807558868 0.9522430807558868 0.9522430807558868 
0.955 0.9524260032310395 0.9524260032310395 0.9524260032310395 0.9524260032310395 
0.956 0.9526022827115505 0.9526022827115505 0.9526022827115505 0.9526022827115505 
0.957 0.9527720730613771 0.9527720730613771 0.9527720730613771 0.9527720730613771 
0.958 0.9529355273227904 0.9529355273227904 0.9529355273227904 0.9529355273227904 
0.959 0.9530927975862108 0.9530927975862108 0.9530927975862108 0.9530927975862108 
0.96 0.9532440348561164 0.9532440348561164 0.9532440348561164 0.9532440348561164 
0.961 0.9533893889129635 0.9533893889129635 0.9533893889129635 0.9533893889129635 
0.962 0.9535290081710577 0.9535290081710577 0.9535290081710577 0.9535290081710577 
0.963 0.9536630395323153 0.9536630395323153 0.9536630395323153 0.9536630395323153 
0.964 0.9537916282358626 0.9537916282358626 0.9537916282358626 0.9537916282358626 
0.965 0.953914917703408 0.953914917703408 0.953914917703408 0.953914917703408 
0.966 0.9540330493803326 0.9540330493803326 0.9540330493803326 0.9540330493803326 
0.967 0.954146162572444 0.954146162572444 0.954146162572444 0.954146162572444 
0.968 0.9542543942783345 0.9542543942783345 0.9542543942783345 0.9542543942783345 
0.969 0.954357879017292 0.954357879017292 0.954357879017292 0.954357879017292 
0.97 0.9544567486527082 0.9544567486527082 0.9544567486527082 0.9544567486527082 
0.971 0.9545511322109289 0.9545511322109289 0.9545511322109289 0.9545511322109289 
0.972 0.9546411556954973 0.9546411556954973 0.9546411556954973 0.9546411556954973 
0.973 0.9547269418967381 0.9547269418967381 0.9547269418967381 0.9547269418967381 
0.974 0.9548086101966297 0.9548086101966297 0.9548086101966297 0.9548086101966297 
0.975 0.9548862763689163 0.9548862763689163 0.9548862763689163 0.9548862763689163 
0.976 0.9549600523744137 0.9549600523744137 0.9549600523744137 0.9549600523744137 
0.977 0.9550300461514545 0.9550300461514545 0.9550300461514545 0.9550300461514545 
0.978 0.9550963614014336 0.9550963614014336 0.9550963614014336 0.9550963614014336 
0.979 0.9551590973693996 0.9551590973693996 0.9551590973693996 0.9551590973693996 
0.98 0.9552183486196572 0.9552183486196572 0.9552183486196572 0.9552183486196572 
0.981 0.9552742048063217 0.9552742048063217 0.9552742048063217 0.9552742048063217 
0.982 0.9553267504387971 0.9553267504387971 0.9553267504387971 0.9553267504387971 
0.983 0.9553760646421222 0.9553760646421222 0.9553760646421222 0.9553760646421222 
0.984 0.9554222209121517 0.9554222209121517 0.9554222209121517 0.9554222209121517 
0.985 0.9554652868655187 0.9554652868655187 0.9554652868655187 0.9554652868655187 
0.986 0.9555053239843502 0.9555053239843502 0.9555053239843502 0.9555053239843502 
0.987 0.9555423873556823 0.9555423873556823 0.9555423873556823 0.9555423873556823 
0.988 0.9555765254055413 0.9555765254055413 0.9555765254055413 0.9555765254055413 
0.989 0.9556077796276451 0.9556077796276451 0.9556077796276451 0.9556077796276451 
0.99 0.9556361843066833 0.9556361843066833 0.9556361843066833 0.9556361843066833 
0.991 0.9556617662361382 0.9556617662361382 0.9556617662361382 0.9556617662361382 
0.992 0.9556845444305969 0.9556845444305969 0.9556845444305969 0.9556845444305969 
0.993 0.9557045298325196 0.9557045298325196 0.9557045298325196 0.9557045298325196 
0.994 0.955721725013411 0.955721725013411 0.955721725013411 0.955721725013411 
0.995 0.95573612386936 0.95573612386936 0.95573612386936 0.95573612386936 
0.996 0.9557477113108865 0.9557477113108865 0.9557477113108865 0.9557477113108865 
0.997 0.9557564629470643 0.9557564629470643 0.9557564629470643 0.9557564629470643 
0.998 0.9557623447638491 0.9557623447638491 0.9557623447638491 0.9557623447638491 
0.999 0.9557653127965805 0.9557653127965805 0.9557653127965805 0.9557653127965805 
1.0 0.9557653127965804 0.9557653127965804 0.9557653127965804 0.9557653127965804 
