0.0 0.9999998750000236 0.9999998750000236 0.9999998750000236 0.9999998750000236 
0.001 0.9999998749701701 0.9999998749701701 0.9999998749701701 0.9999998749701701 
0.002 0.9999998749107402 0.9999998749107402 0.9999998749107402 0.9999998749107402 
0.003 0.999999874821991 0.999999874821991 0.999999874821991 0.999999874821991 
0.004 0.9999998747041566 0.9999998747041566 0.9999998747041566 0.9999998747041566 
0.005 0.9999998745574522 0.9999998745574522 0.9999998745574522 0.9999998745574522 
0.006 0.9999998743820726 0.9999998743820726 0.9999998743820726 0.9999998743820726 
0.007 0.9999998741781932 0.9999998741781932 0.9999998741781932 0.9999998741781932 
0.008 0.9999998739459709 0.9999998739459709 0.9999998739459709 0.9999998739459709 
0.009 0.9999998736855439 0.9999998736855439 0.9999998736855439 0.9999998736855439 
0.01 0.9999998733970334 0.9999998733970334 0.9999998733970334 0.9999998733970334 
0.011 0.9999998730805414 0.9999998730805414 0.9999998730805414 0.9999998730805414 
0.012 0.9999998727361551 0.9999998727361551 0.9999998727361551 0.9999998727361551 
0.013 0.9999998723639432 0.9999998723639432 0.9999998723639432 0.9999998723639432 
0.014 0.9999998719639587 0.9999998719639587 0.9999998719639587 0.9999998719639587 
0.015 0.9999998715362394 0.9999998715362394 0.9999998715362394 0.9999998715362394 
0.016 0.9999998710808061 0.9999998710808061 0.9999998710808061 0.9999998710808061 
0.017 0.999999870597665 0.999999870597665 0.999999870597665 0.999999870597665 
0.018 0.9999998700868066 0.9999998700868066 0.9999998700868066 0.9999998700868066 
0.019 0.9999998695482065 0.9999998695482065 0.9999998695482065 0.9999998695482065 
0.02 0.9999998689818271 0.9999998689818271 0.9999998689818271 0.9999998689818271 
0.021 0.9999998683876141 0.9999998683876141 0.9999998683876141 0.9999998683876141 
0.022 0.9999998677654998 0.9999998677654998 0.9999998677654998 0.9999998677654998 
0.023 0.999999867115403 0.999999867115403 0.999999867115403 0.999999867115403 
0.024 0.999999866437228 0.999999866437228 0.999999866437228 0.999999866437228 
0.025 0.9999998657308654 0.9999998657308654 0.9999998657308654 0.9999998657308654 
0.026 0.9999998649961919 0.9999998649961919 0.9999998649961919 0.9999998649961919 
0.027 0.9999998642330705 0.9999998642330705 0.9999998642330705 0.9999998642330705 
0.028 0.9999998634413515 0.9999998634413515 0.9999998634413515 0.9999998634413515 
0.029 0.9999998626208707 0.9999998626208707 0.9999998626208707 0.9999998626208707 
0.03 0.9999998617714516 0.9999998617714516 0.9999998617714516 0.9999998617714516 
0.031 0.999999860892904 0.999999860892904 0.999999860892904 0.999999860892904 
0.032 0.9999998599850247 0.9999998599850247 0.9999998599850247 0.9999998599850247 
0.033 0.9999998590475968 0.9999998590475968 0.9999998590475968 0.9999998590475968 
0.034 0.999999858080391 0.999999858080391 0.999999858080391 0.999999858080391 
0.035 0.9999998570831644 0.9999998570831644 0.9999998570831644 0.9999998570831644 
0.036 0.9999998560556608 0.9999998560556608 0.9999998560556608 0.9999998560556608 
0.037 0.9999998549976106 0.9999998549976106 0.9999998549976106 0.9999998549976106 
0.038 0.9999998539087328 0.9999998539087328 0.9999998539087328 0.9999998539087328 
0.039 0.999999852788731 0.999999852788731 0.999999852788731 0.999999852788731 
0.04 0.999999851637297 0.999999851637297 0.999999851637297 0.999999851637297 
0.041 0.9999998504541084 0.9999998504541084 0.9999998504541084 0.9999998504541084 
0.042 0.9999998492388303 0.9999998492388303 0.9999998492388303 0.9999998492388303 
0.043 0.9999998479911134 0.9999998479911134 0.9999998479911134 0.9999998479911134 
0.044 0.9999998467105956 0.9999998467105956 0.9999998467105956 0.9999998467105956 
0.045 0.9999998453969016 0.9999998453969016 0.9999998453969016 0.9999998453969016 
0.046 0.9999998440496408 0.9999998440496408 0.9999998440496408 0.9999998440496408 
0.047 0.9999998426684105 0.9999998426684105 0.9999998426684105 0.9999998426684105 
0.048 0.999999841252793 0.999999841252793 0.999999841252793 0.999999841252793 
0.049 0.9999998398023571 0.9999998398023571 0.9999998398023571 0.9999998398023571 
0.05 0.9999998383166568 0.9999998383166568 0.9999998383166568 0.9999998383166568 
0.051 0.9999998367952321 0.9999998367952321 0.9999998367952321 0.9999998367952321 
0.052 0.9999998352376087 0.9999998352376087 0.9999998352376087 0.9999998352376087 
0.053 0.999999833643297 0.999999833643297 0.999999833643297 0.999999833643297 
0.054 0.9999998320117932 0.9999998320117932 0.9999998320117932 0.9999998320117932 
0.055 0.9999998303425774 0.9999998303425774 0.9999998303425774 0.9999998303425774 
0.056 0.9999998286351156 0.9999998286351156 0.9999998286351156 0.9999998286351156 
0.057 0.9999998268888576 0.9999998268888576 0.9999998268888576 0.9999998268888576 
0.058 0.9999998251032375 0.9999998251032375 0.9999998251032375 0.9999998251032375 
0.059 0.9999998232776733 0.9999998232776733 0.9999998232776733 0.9999998232776733 
0.06 0.999999821411568 0.999999821411568 0.999999821411568 0.999999821411568 
0.061 0.9999998195043062 0.9999998195043062 0.9999998195043062 0.9999998195043062 
0.062 0.999999817555257 0.999999817555257 0.999999817555257 0.999999817555257 
0.063 0.9999998155637727 0.9999998155637727 0.9999998155637727 0.9999998155637727 
0.064 0.9999998135291881 0.9999998135291881 0.9999998135291881 0.9999998135291881 
0.065 0.9999998114508196 0.9999998114508196 0.9999998114508196 0.9999998114508196 
0.066 0.999999809327967 0.999999809327967 0.999999809327967 0.999999809327967 
0.067 0.9999998071599109 0.9999998071599109 0.9999998071599109 0.9999998071599109 
0.068 0.9999998049459142 0.9999998049459142 0.9999998049459142 0.9999998049459142 
0.069 0.9999998026852203 0.9999998026852203 0.9999998026852203 0.9999998026852203 
0.07 0.9999998003770536 0.9999998003770536 0.9999998003770536 0.9999998003770536 
0.071 0.999999798020619 0.999999798020619 0.999999798020619 0.999999798020619 
0.072 0.9999997956151012 0.9999997956151012 0.9999997956151012 0.9999997956151012 
0.073 0.9999997931596648 0.9999997931596648 0.9999997931596648 0.9999997931596648 
0.074 0.9999997906534541 0.9999997906534541 0.9999997906534541 0.9999997906534541 
0.075 0.9999997880955911 0.9999997880955911 0.9999997880955911 0.9999997880955911 
0.076 0.9999997854851769 0.9999997854851769 0.9999997854851769 0.9999997854851769 
0.077 0.9999997828212903 0.9999997828212903 0.9999997828212903 0.9999997828212903 
0.078 0.9999997801029883 0.9999997801029883 0.9999997801029883 0.9999997801029883 
0.079 0.9999997773293046 0.9999997773293046 0.9999997773293046 0.9999997773293046 
0.08 0.9999997744992482 0.9999997744992482 0.9999997744992482 0.9999997744992482 
0.081 0.9999997716118061 0.9999997716118061 0.9999997716118061 0.9999997716118061 
0.082 0.9999997686659399 0.9999997686659399 0.9999997686659399 0.9999997686659399 
0.083 0.9999997656605853 0.9999997656605853 0.9999997656605853 0.9999997656605853 
0.084 0.9999997625946548 0.9999997625946548 0.9999997625946548 0.9999997625946548 
0.085 0.9999997594670328 0.9999997594670328 0.9999997594670328 0.9999997594670328 
0.086 0.9999997562765771 0.9999997562765771 0.9999997562765771 0.9999997562765771 
0.087 0.9999997530221195 0.9999997530221195 0.9999997530221195 0.9999997530221195 
0.088 0.9999997497024627 0.9999997497024627 0.9999997497024627 0.9999997497024627 
0.089 0.9999997463163808 0.9999997463163808 0.9999997463163808 0.9999997463163808 
0.09 0.9999997428626204 0.9999997428626204 0.9999997428626204 0.9999997428626204 
0.091 0.999999739339896 0.999999739339896 0.999999739339896 0.999999739339896 
0.092 0.9999997357468936 0.9999997357468936 0.9999997357468936 0.9999997357468936 
0.093 0.999999732082266 0.999999732082266 0.999999732082266 0.999999732082266 
0.094 0.9999997283446349 0.9999997283446349 0.9999997283446349 0.9999997283446349 
0.095 0.9999997245325899 0.9999997245325899 0.9999997245325899 0.9999997245325899 
0.096 0.9999997206446862 0.9999997206446862 0.9999997206446862 0.9999997206446862 
0.097 0.9999997166794451 0.9999997166794451 0.9999997166794451 0.9999997166794451 
0.098 0.9999997126353521 0.9999997126353521 0.9999997126353521 0.9999997126353521 
0.099 0.999999708510858 0.999999708510858 0.999999708510858 0.999999708510858 
0.1 0.9999997043043759 0.9999997043043759 0.9999997043043759 0.9999997043043759 
0.101 0.999999700014281 0.999999700014281 0.999999700014281 0.999999700014281 
0.102 0.9999996956389094 0.9999996956389094 0.9999996956389094 0.9999996956389094 
0.103 0.99999969117656 0.99999969117656 0.99999969117656 0.99999969117656 
0.104 0.9999996866254879 0.9999996866254879 0.9999996866254879 0.9999996866254879 
0.105 0.9999996819839083 0.9999996819839083 0.9999996819839083 0.9999996819839083 
0.106 0.9999996772499945 0.9999996772499945 0.9999996772499945 0.9999996772499945 
0.107 0.9999996724218746 0.9999996724218746 0.9999996724218746 0.9999996724218746 
0.108 0.9999996674976326 0.9999996674976326 0.9999996674976326 0.9999996674976326 
0.109 0.9999996624753069 0.9999996624753069 0.9999996624753069 0.9999996624753069 
0.11 0.9999996573528881 0.9999996573528881 0.9999996573528881 0.9999996573528881 
0.111 0.9999996521283196 0.9999996521283196 0.9999996521283196 0.9999996521283196 
0.112 0.9999996467994945 0.9999996467994945 0.9999996467994945 0.9999996467994945 
0.113 0.999999641364255 0.999999641364255 0.999999641364255 0.999999641364255 
0.114 0.9999996358203921 0.9999996358203921 0.9999996358203921 0.9999996358203921 
0.115 0.9999996301656436 0.9999996301656436 0.9999996301656436 0.9999996301656436 
0.116 0.9999996243976912 0.9999996243976912 0.9999996243976912 0.9999996243976912 
0.117 0.999999618514162 0.999999618514162 0.999999618514162 0.999999618514162 
0.118 0.9999996125126249 0.9999996125126249 0.9999996125126249 0.9999996125126249 
0.119 0.999999606390589 0.999999606390589 0.999999606390589 0.999999606390589 
0.12 0.9999996001455042 0.9999996001455042 0.9999996001455042 0.9999996001455042 
0.121 0.9999995937747567 0.9999995937747567 0.9999995937747567 0.9999995937747567 
0.122 0.9999995872756705 0.9999995872756705 0.9999995872756705 0.9999995872756705 
0.123 0.9999995806455023 0.9999995806455023 0.9999995806455023 0.9999995806455023 
0.124 0.9999995738814431 0.9999995738814431 0.9999995738814431 0.9999995738814431 
0.125 0.9999995669806135 0.9999995669806135 0.9999995669806135 0.9999995669806135 
0.126 0.9999995599400644 0.9999995599400644 0.9999995599400644 0.9999995599400644 
0.127 0.9999995527567732 0.9999995527567732 0.9999995527567732 0.9999995527567732 
0.128 0.9999995454276426 0.9999995454276426 0.9999995454276426 0.9999995454276426 
0.129 0.9999995379494993 0.9999995379494993 0.9999995379494993 0.9999995379494993 
0.13 0.9999995303190898 0.9999995303190898 0.9999995303190898 0.9999995303190898 
0.131 0.9999995225330808 0.9999995225330808 0.9999995225330808 0.9999995225330808 
0.132 0.999999514588056 0.999999514588056 0.999999514588056 0.999999514588056 
0.133 0.9999995064805125 0.9999995064805125 0.9999995064805125 0.9999995064805125 
0.134 0.999999498206861 0.999999498206861 0.999999498206861 0.999999498206861 
0.135 0.9999994897634208 0.9999994897634208 0.9999994897634208 0.9999994897634208 
0.136 0.9999994811464203 0.9999994811464203 0.9999994811464203 0.9999994811464203 
0.137 0.9999994723519913 0.9999994723519913 0.9999994723519913 0.9999994723519913 
0.138 0.9999994633761682 0.9999994633761682 0.9999994633761682 0.9999994633761682 
0.139 0.999999454214885 0.999999454214885 0.999999454214885 0.999999454214885 
0.14 0.9999994448639725 0.9999994448639725 0.9999994448639725 0.9999994448639725 
0.141 0.9999994353191558 0.9999994353191558 0.9999994353191558 0.9999994353191558 
0.142 0.999999425576049 0.999999425576049 0.999999425576049 0.999999425576049 
0.143 0.9999994156301572 0.9999994156301572 0.9999994156301572 0.9999994156301572 
0.144 0.9999994054768667 0.9999994054768667 0.9999994054768667 0.9999994054768667 
0.145 0.9999993951114473 0.9999993951114473 0.9999993951114473 0.9999993951114473 
0.146 0.9999993845290465 0.9999993845290465 0.9999993845290465 0.9999993845290465 
0.147 0.9999993737246863 0.9999993737246863 0.9999993737246863 0.9999993737246863 
0.148 0.9999993626932596 0.9999993626932596 0.9999993626932596 0.9999993626932596 
0.149 0.9999993514295263 0.9999993514295263 0.9999993514295263 0.9999993514295263 
0.15 0.999999339928111 0.999999339928111 0.999999339928111 0.999999339928111 
0.151 0.9999993281834966 0.9999993281834966 0.9999993281834966 0.9999993281834966 
0.152 0.999999316190022 0.999999316190022 0.999999316190022 0.999999316190022 
0.153 0.9999993039418779 0.9999993039418779 0.9999993039418779 0.9999993039418779 
0.154 0.9999992914331016 0.9999992914331016 0.9999992914331016 0.9999992914331016 
0.155 0.9999992786575735 0.9999992786575735 0.9999992786575735 0.9999992786575735 
0.156 0.9999992656090113 0.9999992656090113 0.9999992656090113 0.9999992656090113 
0.157 0.9999992522809668 0.9999992522809668 0.9999992522809668 0.9999992522809668 
0.158 0.9999992386668196 0.9999992386668196 0.9999992386668196 0.9999992386668196 
0.159 0.9999992247597738 0.9999992247597738 0.9999992247597738 0.9999992247597738 
0.16 0.9999992105528492 0.9999992105528492 0.9999992105528492 0.9999992105528492 
0.161 0.9999991960388817 0.9999991960388817 0.9999991960388817 0.9999991960388817 
0.162 0.9999991812105119 0.9999991812105119 0.9999991812105119 0.9999991812105119 
0.163 0.9999991660601825 0.9999991660601825 0.9999991660601825 0.9999991660601825 
0.164 0.9999991505801319 0.9999991505801319 0.9999991505801319 0.9999991505801319 
0.165 0.9999991347623884 0.9999991347623884 0.9999991347623884 0.9999991347623884 
0.166 0.9999991185987628 0.9999991185987628 0.9999991185987628 0.9999991185987628 
0.167 0.9999991020808424 0.9999991020808424 0.9999991020808424 0.9999991020808424 
0.168 0.9999990851999845 0.9999990851999845 0.9999990851999845 0.9999990851999845 
0.169 0.9999990679473094 0.9999990679473094 0.9999990679473094 0.9999990679473094 
0.17 0.9999990503136917 0.9999990503136917 0.9999990503136917 0.9999990503136917 
0.171 0.9999990322897562 0.9999990322897562 0.9999990322897562 0.9999990322897562 
0.172 0.9999990138658665 0.9999990138658665 0.9999990138658665 0.9999990138658665 
0.173 0.9999989950321192 0.9999989950321192 0.9999989950321192 0.9999989950321192 
0.174 0.999998975778335 0.999998975778335 0.999998975778335 0.999998975778335 
0.175 0.9999989560940505 0.9999989560940505 0.9999989560940505 0.9999989560940505 
0.176 0.9999989359685086 0.9999989359685086 0.9999989359685086 0.9999989359685086 
0.177 0.9999989153906501 0.9999989153906501 0.9999989153906501 0.9999989153906501 
0.178 0.9999988943491049 0.9999988943491049 0.9999988943491049 0.9999988943491049 
0.179 0.9999988728321798 0.9999988728321798 0.9999988728321798 0.9999988728321798 
0.18 0.9999988508278519 0.9999988508278519 0.9999988508278519 0.9999988508278519 
0.181 0.9999988283237548 0.9999988283237548 0.9999988283237548 0.9999988283237548 
0.182 0.9999988053071697 0.9999988053071697 0.9999988053071697 0.9999988053071697 
0.183 0.9999987817650143 0.9999987817650143 0.9999987817650143 0.9999987817650143 
0.184 0.9999987576838305 0.9999987576838305 0.9999987576838305 0.9999987576838305 
0.185 0.999998733049772 0.999998733049772 0.999998733049772 0.999998733049772 
0.186 0.9999987078485928 0.9999987078485928 0.9999987078485928 0.9999987078485928 
0.187 0.9999986820656355 0.9999986820656355 0.9999986820656355 0.9999986820656355 
0.188 0.9999986556858145 0.9999986556858145 0.9999986556858145 0.9999986556858145 
0.189 0.9999986286936047 0.9999986286936047 0.9999986286936047 0.9999986286936047 
0.19 0.9999986010730284 0.9999986010730284 0.9999986010730284 0.9999986010730284 
0.191 0.9999985728076375 0.9999985728076375 0.9999985728076375 0.9999985728076375 
0.192 0.9999985438805001 0.9999985438805001 0.9999985438805001 0.9999985438805001 
0.193 0.9999985142741838 0.9999985142741838 0.9999985142741838 0.9999985142741838 
0.194 0.9999984839707406 0.9999984839707406 0.9999984839707406 0.9999984839707406 
0.195 0.9999984529516885 0.9999984529516885 0.9999984529516885 0.9999984529516885 
0.196 0.9999984211979933 0.9999984211979933 0.9999984211979933 0.9999984211979933 
0.197 0.9999983886900534 0.9999983886900534 0.9999983886900534 0.9999983886900534 
0.198 0.9999983554076767 0.9999983554076767 0.9999983554076767 0.9999983554076767 
0.199 0.9999983213300644 0.9999983213300644 0.9999983213300644 0.9999983213300644 
0.2 0.9999982864357884 0.9999982864357884 0.9999982864357884 0.9999982864357884 
0.201 0.9999982507027709 0.9999982507027709 0.9999982507027709 0.9999982507027709 
0.202 0.9999982141082637 0.9999982141082637 0.9999982141082637 0.9999982141082637 
0.203 0.9999981766288228 0.9999981766288228 0.9999981766288228 0.9999981766288228 
0.204 0.9999981382402876 0.9999981382402876 0.9999981382402876 0.9999981382402876 
0.205 0.9999980989177542 0.9999980989177542 0.9999980989177542 0.9999980989177542 
0.206 0.9999980586355508 0.9999980586355508 0.9999980586355508 0.9999980586355508 
0.207 0.9999980173672128 0.9999980173672128 0.9999980173672128 0.9999980173672128 
0.208 0.999997975085453 0.999997975085453 0.999997975085453 0.999997975085453 
0.209 0.9999979317621343 0.9999979317621343 0.9999979317621343 0.9999979317621343 
0.21 0.9999978873682409 0.9999978873682409 0.9999978873682409 0.9999978873682409 
0.211 0.9999978418738468 0.9999978418738468 0.9999978418738468 0.9999978418738468 
0.212 0.999997795248084 0.999997795248084 0.999997795248084 0.999997795248084 
0.213 0.99999774745911 0.99999774745911 0.99999774745911 0.99999774745911 
0.214 0.9999976984740728 0.9999976984740728 0.9999976984740728 0.9999976984740728 
0.215 0.9999976482590767 0.9999976482590767 0.9999976482590767 0.9999976482590767 
0.216 0.9999975967791432 0.9999975967791432 0.9999975967791432 0.9999975967791432 
0.217 0.9999975439981746 0.9999975439981746 0.9999975439981746 0.9999975439981746 
0.218 0.9999974898789127 0.9999974898789127 0.9999974898789127 0.9999974898789127 
0.219 0.9999974343828973 0.9999974343828973 0.9999974343828973 0.9999974343828973 
0.22 0.9999973774704242 0.9999973774704242 0.9999973774704242 0.9999973774704242 
0.221 0.9999973191004985 0.9999973191004985 0.9999973191004985 0.9999973191004985 
0.222 0.9999972592307896 0.9999972592307896 0.9999972592307896 0.9999972592307896 
0.223 0.999997197817582 0.999997197817582 0.999997197817582 0.999997197817582 
0.224 0.9999971348157235 0.9999971348157235 0.9999971348157235 0.9999971348157235 
0.225 0.9999970701785761 0.9999970701785761 0.9999970701785761 0.9999970701785761 
0.226 0.9999970038579572 0.9999970038579572 0.9999970038579572 0.9999970038579572 
0.227 0.9999969358040846 0.9999969358040846 0.9999969358040846 0.9999969358040846 
0.228 0.9999968659655193 0.9999968659655193 0.9999968659655193 0.9999968659655193 
0.229 0.9999967942891 0.9999967942891 0.9999967942891 0.9999967942891 
0.23 0.9999967207198817 0.9999967207198817 0.9999967207198817 0.9999967207198817 
0.231 0.999996645201068 0.999996645201068 0.999996645201068 0.999996645201068 
0.232 0.9999965676739416 0.9999965676739416 0.9999965676739416 0.9999965676739416 
0.233 0.999996488077793 0.999996488077793 0.999996488077793 0.999996488077793 
0.234 0.9999964063498418 0.9999964063498418 0.9999964063498418 0.9999964063498418 
0.235 0.9999963224251627 0.9999963224251627 0.9999963224251627 0.9999963224251627 
0.236 0.9999962362365997 0.9999962362365997 0.9999962362365997 0.9999962362365997 
0.237 0.9999961477146828 0.9999961477146828 0.9999961477146828 0.9999961477146828 
0.238 0.9999960567875386 0.9999960567875386 0.9999960567875386 0.9999960567875386 
0.239 0.9999959633807977 0.9999959633807977 0.9999959633807977 0.9999959633807977 
0.24 0.9999958674174971 0.9999958674174971 0.9999958674174971 0.9999958674174971 
0.241 0.999995768817981 0.999995768817981 0.999995768817981 0.999995768817981 
0.242 0.9999956674997943 0.9999956674997943 0.9999956674997943 0.9999956674997943 
0.243 0.9999955633775734 0.9999955633775734 0.9999955633775734 0.9999955633775734 
0.244 0.9999954563629327 0.9999954563629327 0.9999954563629327 0.9999954563629327 
0.245 0.9999953463643434 0.9999953463643434 0.9999953463643434 0.9999953463643434 
0.246 0.999995233287009 0.999995233287009 0.999995233287009 0.999995233287009 
0.247 0.9999951170327385 0.9999951170327385 0.9999951170327385 0.9999951170327385 
0.248 0.9999949974998059 0.9999949974998059 0.9999949974998059 0.9999949974998059 
0.249 0.999994874582812 0.999994874582812 0.999994874582812 0.999994874582812 
0.25 0.9999947481725344 0.9999947481725344 0.9999947481725344 0.9999947481725344 
0.251 0.9999946181557746 0.9999946181557746 0.9999946181557746 0.9999946181557746 
0.252 0.9999944844151936 0.9999944844151936 0.9999944844151936 0.9999944844151936 
0.253 0.9999943468291469 0.9999943468291469 0.9999943468291469 0.9999943468291469 
0.254 0.9999942052715052 0.9999942052715052 0.9999942052715052 0.9999942052715052 
0.255 0.9999940596114704 0.9999940596114704 0.9999940596114704 0.9999940596114704 
0.256 0.9999939097133843 0.9999939097133843 0.9999939097133843 0.9999939097133843 
0.257 0.9999937554365254 0.9999937554365254 0.9999937554365254 0.9999937554365254 
0.258 0.9999935966349001 0.9999935966349001 0.9999935966349001 0.9999935966349001 
0.259 0.9999934331570202 0.9999934331570202 0.9999934331570202 0.9999934331570202 
0.26 0.9999932648456726 0.9999932648456726 0.9999932648456726 0.9999932648456726 
0.261 0.9999930915376796 0.9999930915376796 0.9999930915376796 0.9999930915376796 
0.262 0.9999929130636451 0.9999929130636451 0.9999929130636451 0.9999929130636451 
0.263 0.99999272924769 0.99999272924769 0.99999272924769 0.99999272924769 
0.264 0.9999925399071758 0.9999925399071758 0.9999925399071758 0.9999925399071758 
0.265 0.9999923448524148 0.9999923448524148 0.9999923448524148 0.9999923448524148 
0.266 0.9999921438863675 0.9999921438863675 0.9999921438863675 0.9999921438863675 
0.267 0.9999919368043229 0.9999919368043229 0.9999919368043229 0.9999919368043229 
0.268 0.9999917233935658 0.9999917233935658 0.9999917233935658 0.9999917233935658 
0.269 0.9999915034330288 0.9999915034330288 0.9999915034330288 0.9999915034330288 
0.27 0.9999912766929249 0.9999912766929249 0.9999912766929249 0.9999912766929249 
0.271 0.9999910429343655 0.9999910429343655 0.9999910429343655 0.9999910429343655 
0.272 0.9999908019089554 0.9999908019089554 0.9999908019089554 0.9999908019089554 
0.273 0.9999905533583751 0.9999905533583751 0.9999905533583751 0.9999905533583751 
0.274 0.9999902970139332 0.9999902970139332 0.9999902970139332 0.9999902970139332 
0.275 0.9999900325961064 0.9999900325961064 0.9999900325961064 0.9999900325961064 
0.276 0.9999897598140489 0.9999897598140489 0.9999897598140489 0.9999897598140489 
0.277 0.9999894783650842 0.9999894783650842 0.9999894783650842 0.9999894783650842 
0.278 0.9999891879341638 0.9999891879341638 0.9999891879341638 0.9999891879341638 
0.279 0.9999888881933072 0.9999888881933072 0.9999888881933072 0.9999888881933072 
0.28 0.9999885788010077 0.9999885788010077 0.9999885788010077 0.9999885788010077 
0.281 0.9999882594016105 0.9999882594016105 0.9999882594016105 0.9999882594016105 
0.282 0.9999879296246583 0.9999879296246583 0.9999879296246583 0.9999879296246583 
0.283 0.9999875890842053 0.9999875890842053 0.9999875890842053 0.9999875890842053 
0.284 0.9999872373780927 0.9999872373780927 0.9999872373780927 0.9999872373780927 
0.285 0.9999868740871931 0.9999868740871931 0.9999868740871931 0.9999868740871931 
0.286 0.9999864987746068 0.9999864987746068 0.9999864987746068 0.9999864987746068 
0.287 0.9999861109848251 0.9999861109848251 0.9999861109848251 0.9999861109848251 
0.288 0.9999857102428442 0.9999857102428442 0.9999857102428442 0.9999857102428442 
0.289 0.9999852960532354 0.9999852960532354 0.9999852960532354 0.9999852960532354 
0.29 0.9999848678991669 0.9999848678991669 0.9999848678991669 0.9999848678991669 
0.291 0.9999844252413697 0.9999844252413697 0.9999844252413697 0.9999844252413697 
0.292 0.9999839675170538 0.9999839675170538 0.9999839675170538 0.9999839675170538 
0.293 0.9999834941387649 0.9999834941387649 0.9999834941387649 0.9999834941387649 
0.294 0.9999830044931761 0.9999830044931761 0.9999830044931761 0.9999830044931761 
0.295 0.9999824979398201 0.9999824979398201 0.9999824979398201 0.9999824979398201 
0.296 0.99998197380975 0.99998197380975 0.99998197380975 0.99998197380975 
0.297 0.999981431404127 0.999981431404127 0.999981431404127 0.999981431404127 
0.298 0.9999808699927308 0.9999808699927308 0.9999808699927308 0.9999808699927308 
0.299 0.9999802888123908 0.9999802888123908 0.9999802888123908 0.9999802888123908 
0.3 0.9999796870653276 0.9999796870653276 0.9999796870653276 0.9999796870653276 
0.301 0.9999790639174053 0.9999790639174053 0.9999790639174053 0.9999790639174053 
0.302 0.9999784184962843 0.9999784184962843 0.9999784184962843 0.9999784184962843 
0.303 0.9999777498894713 0.9999777498894713 0.9999777498894713 0.9999777498894713 
0.304 0.9999770571422624 0.9999770571422624 0.9999770571422624 0.9999770571422624 
0.305 0.999976339255567 0.999976339255567 0.999976339255567 0.999976339255567 
0.306 0.9999755951836078 0.9999755951836078 0.9999755951836078 0.9999755951836078 
0.307 0.999974823831495 0.999974823831495 0.999974823831495 0.999974823831495 
0.308 0.9999740240526552 0.9999740240526552 0.9999740240526552 0.9999740240526552 
0.309 0.9999731946461173 0.9999731946461173 0.9999731946461173 0.9999731946461173 
0.31 0.9999723343536384 0.9999723343536384 0.9999723343536384 0.9999723343536384 
0.311 0.9999714418566653 0.9999714418566653 0.9999714418566653 0.9999714418566653 
0.312 0.9999705157731179 0.9999705157731179 0.9999705157731179 0.9999705157731179 
0.313 0.9999695546539845 0.9999695546539845 0.9999695546539845 0.9999695546539845 
0.314 0.9999685569797162 0.9999685569797162 0.9999685569797162 0.9999685569797162 
0.315 0.999967521156409 0.999967521156409 0.999967521156409 0.999967521156409 
0.316 0.9999664455117596 0.9999664455117596 0.9999664455117596 0.9999664455117596 
0.317 0.9999653282907789 0.9999653282907789 0.9999653282907789 0.9999653282907789 
0.318 0.9999641676512488 0.9999641676512488 0.9999641676512488 0.9999641676512488 
0.319 0.9999629616589076 0.9999629616589076 0.9999629616589076 0.9999629616589076 
0.32 0.9999617082823419 0.9999617082823419 0.9999617082823419 0.9999617082823419 
0.321 0.9999604053875697 0.9999604053875697 0.9999604053875697 0.9999604053875697 
0.322 0.999959050732294 0.999959050732294 0.999959050732294 0.999959050732294 
0.323 0.999957641959804 0.999957641959804 0.999957641959804 0.999957641959804 
0.324 0.9999561765924986 0.9999561765924986 0.9999561765924986 0.9999561765924986 
0.325 0.9999546520250165 0.9999546520250165 0.9999546520250165 0.9999546520250165 
0.326 0.9999530655169326 0.9999530655169326 0.9999530655169326 0.9999530655169326 
0.327 0.9999514141850068 0.9999514141850068 0.9999514141850068 0.9999514141850068 
0.328 0.9999496949949432 0.9999496949949432 0.9999496949949432 0.9999496949949432 
0.329 0.9999479047526356 0.9999479047526356 0.9999479047526356 0.9999479047526356 
0.33 0.9999460400948589 0.9999460400948589 0.9999460400948589 0.9999460400948589 
0.331 0.9999440974793756 0.9999440974793756 0.9999440974793756 0.9999440974793756 
0.332 0.9999420731744112 0.9999420731744112 0.9999420731744112 0.9999420731744112 
0.333 0.9999399632474617 0.9999399632474617 0.9999399632474617 0.9999399632474617 
0.334 0.9999377635533858 0.9999377635533858 0.9999377635533858 0.9999377635533858 
0.335 0.9999354697217346 0.9999354697217346 0.9999354697217346 0.9999354697217346 
0.336 0.9999330771432652 0.9999330771432652 0.9999330771432652 0.9999330771432652 
0.337 0.9999305809555876 0.9999305809555876 0.9999305809555876 0.9999305809555876 
0.338 0.9999279760278821 0.9999279760278821 0.9999279760278821 0.9999279760278821 
0.339 0.9999252569446284 0.9999252569446284 0.9999252569446284 0.9999252569446284 
0.34 0.999922417988278 0.999922417988278 0.999922417988278 0.999922417988278 
0.341 0.9999194531207976 0.9999194531207976 0.9999194531207976 0.9999194531207976 
0.342 0.9999163559640118 0.9999163559640118 0.9999163559640118 0.9999163559640118 
0.343 0.9999131197786636 0.9999131197786636 0.9999131197786636 0.9999131197786636 
0.344 0.9999097374421051 0.9999097374421051 0.9999097374421051 0.9999097374421051 
0.345 0.9999062014245329 0.9999062014245329 0.9999062014245329 0.9999062014245329 
0.346 0.9999025037636662 0.9999025037636662 0.9999025037636662 0.9999025037636662 
0.347 0.9998986360377726 0.9998986360377726 0.9998986360377726 0.9998986360377726 
0.348 0.9998945893369304 0.9998945893369304 0.9998945893369304 0.9998945893369304 
0.349 0.9998903542324169 0.9998903542324169 0.9998903542324169 0.9998903542324169 
0.35 0.999885920744101 0.999885920744101 0.999885920744101 0.999885920744101 
0.351 0.9998812783057187 0.9998812783057187 0.9998812783057187 0.9998812783057187 
0.352 0.9998764157279019 0.9998764157279019 0.9998764157279019 0.9998764157279019 
0.353 0.9998713211588164 0.9998713211588164 0.9998713211588164 0.9998713211588164 
0.354 0.9998659820422813 0.9998659820422813 0.9998659820422813 0.9998659820422813 
0.355 0.9998603850732113 0.9998603850732113 0.9998603850732113 0.9998603850732113 
0.356 0.9998545161502406 0.9998545161502406 0.9998545161502406 0.9998545161502406 
0.357 0.9998483603253694 0.9998483603253694 0.9998483603253694 0.9998483603253694 
0.358 0.9998419017504822 0.9998419017504822 0.9998419017504822 0.9998419017504822 
0.359 0.9998351236205805 0.9998351236205805 0.9998351236205805 0.9998351236205805 
0.36 0.9998280081135755 0.9998280081135755 0.9998280081135755 0.9998280081135755 
0.361 0.9998205363264921 0.9998205363264921 0.9998205363264921 0.9998205363264921 
0.362 0.9998126882079411 0.9998126882079411 0.9998126882079411 0.9998126882079411 
0.363 0.999804442486725 0.999804442486725 0.999804442486725 0.999804442486725 
0.364 0.9997957765964656 0.9997957765964656 0.9997957765964656 0.9997957765964656 
0.365 0.999786666596149 0.999786666596149 0.999786666596149 0.999786666596149 
0.366 0.9997770870865242 0.9997770870865242 0.9997770870865242 0.9997770870865242 
0.367 0.9997670111223189 0.9997670111223189 0.9997670111223189 0.9997670111223189 
0.368 0.9997564101202766 0.9997564101202766 0.9997564101202766 0.9997564101202766 
0.369 0.999745253763084 0.999745253763084 0.999745253763084 0.999745253763084 
0.37 0.9997335098993145 0.9997335098993145 0.9997335098993145 0.9997335098993145 
0.371 0.9997211444396032 0.9997211444396032 0.9997211444396032 0.9997211444396032 
0.372 0.9997081212493562 0.9997081212493562 0.9997081212493562 0.9997081212493562 
0.373 0.9996944020384335 0.9996944020384335 0.9996944020384335 0.9996944020384335 
0.374 0.9996799462483696 0.9996799462483696 0.9996799462483696 0.9996799462483696 
0.375 0.9996647109378659 0.9996647109378659 0.9996647109378659 0.9996647109378659 
0.376 0.9996486506674921 0.9996486506674921 0.9996486506674921 0.9996486506674921 
0.377 0.9996317173847546 0.9996317173847546 0.9996317173847546 0.9996317173847546 
0.378 0.9996138603109508 0.9996138603109508 0.9996138603109508 0.9996138603109508 
0.379 0.9995950258315363 0.9995950258315363 0.9995950258315363 0.9995950258315363 
0.38 0.9995751573920733 0.9995751573920733 0.9995751573920733 0.9995751573920733 
0.381 0.9995541954022165 0.9995541954022165 0.9995541954022165 0.9995541954022165 
0.382 0.9995320771506211 0.9995320771506211 0.9995320771506211 0.9995320771506211 
0.383 0.9995087367341444 0.9995087367341444 0.9995087367341444 0.9995087367341444 
0.384 0.9994841050052332 0.9994841050052332 0.9994841050052332 0.9994841050052332 
0.385 0.9994581095419413 0.9994581095419413 0.9994581095419413 0.9994581095419413 
0.386 0.9994306746456206 0.9994306746456206 0.9994306746456206 0.9994306746456206 
0.387 0.999401721371947 0.999401721371947 0.999401721371947 0.999401721371947 
0.388 0.9993711676015353 0.9993711676015353 0.9993711676015353 0.9993711676015353 
0.389 0.9993389281570033 0.9993389281570033 0.9993389281570033 0.9993389281570033 
0.39 0.9993049149738737 0.9993049149738737 0.9993049149738737 0.9993049149738737 
0.391 0.999269037333143 0.999269037333143 0.999269037333143 0.999269037333143 
0.392 0.9992312021636565 0.9992312021636565 0.9992312021636565 0.9992312021636565 
0.393 0.9991913144225226 0.9991913144225226 0.9991913144225226 0.9991913144225226 
0.394 0.9991492775616573 0.9991492775616573 0.9991492775616573 0.9991492775616573 
0.395 0.9991049940880354 0.9991049940880354 0.9991049940880354 0.9991049940880354 
0.396 0.9990583662243613 0.9990583662243613 0.9990583662243613 0.9990583662243613 
0.397 0.9990092966754534 0.9990092966754534 0.9990092966754534 0.9990092966754534 
0.398 0.9989576895037309 0.9989576895037309 0.9989576895037309 0.9989576895037309 
0.399 0.9989034511146468 0.9989034511146468 0.9989034511146468 0.9989034511146468 
0.4 0.9988464913497428 0.9988464913497428 0.9988464913497428 0.9988464913497428 
0.401 0.9987867246812112 0.9987867246812112 0.9987867246812112 0.9987867246812112 
0.402 0.9987240714974825 0.9987240714974825 0.9987240714974825 0.9987240714974825 
0.403 0.9986584594645184 0.9986584594645184 0.9986584594645184 0.9986584594645184 
0.404 0.9985898249423619 0.9985898249423619 0.9985898249423619 0.9985898249423619 
0.405 0.9985181144313015 0.9985181144313015 0.9985181144313015 0.9985181144313015 
0.406 0.9984432860170501 0.9984432860170501 0.9984432860170501 0.9984432860170501 
0.407 0.9983653107799624 0.9983653107799624 0.9983653107799624 0.9983653107799624 
0.408 0.9982841741298895 0.9982841741298895 0.9982841741298895 0.9982841741298895 
0.409 0.9981998770262012 0.9981998770262012 0.9981998770262012 0.9981998770262012 
0.41 0.9981124370420627 0.9981124370420627 0.9981124370420627 0.9981124370420627 
0.411 0.9980218892335612 0.9980218892335612 0.9980218892335612 0.9980218892335612 
0.412 0.9979282867778492 0.9979282867778492 0.9979282867778492 0.9979282867778492 
0.413 0.9978317013500748 0.9978317013500748 0.9978317013500748 0.9978317013500748 
0.414 0.9977322232163747 0.9977322232163747 0.9977322232163747 0.9977322232163747 
0.415 0.9976299610292435 0.9976299610292435 0.9976299610292435 0.9976299610292435 
0.416 0.9975250413216644 0.9975250413216644 0.9975250413216644 0.9975250413216644 
0.417 0.9974176077069562 0.9974176077069562 0.9974176077069562 0.9974176077069562 
0.418 0.9973078198016058 0.9973078198016058 0.9973078198016058 0.9973078198016058 
0.419 0.9971958518979033 0.9971958518979033 0.9971958518979033 0.9971958518979033 
0.42 0.9970818914212702 0.9970818914212702 0.9970818914212702 0.9970818914212702 
0.421 0.9969661372134293 0.9969661372134293 0.9969661372134293 0.9969661372134293 
0.422 0.9968487976866596 0.9968487976866596 0.9968487976866596 0.9968487976866596 
0.423 0.996730088896203 0.996730088896203 0.996730088896203 0.996730088896203 
0.424 0.9966102325775384 0.9966102325775384 0.9966102325775384 0.9966102325775384 
0.425 0.9964894541928687 0.9964894541928687 0.9964894541928687 0.9964894541928687 
0.426 0.9963679810271769 0.9963679810271769 0.9963679810271769 0.9963679810271769 
0.427 0.9962460403689474 0.9962460403689474 0.9962460403689474 0.9962460403689474 
0.428 0.9961238578045899 0.9961238578045899 0.9961238578045899 0.9961238578045899 
0.429 0.9960016556491565 0.9960016556491565 0.9960016556491565 0.9960016556491565 
0.43 0.9958796515294802 0.9958796515294802 0.9958796515294802 0.9958796515294802 
0.431 0.9957580571297382 0.9957580571297382 0.9957580571297382 0.9957580571297382 
0.432 0.9956370771038516 0.9956370771038516 0.9956370771038516 0.9956370771038516 
0.433 0.9955169081542792 0.9955169081542792 0.9955169081542792 0.9955169081542792 
0.434 0.9953977382726935 0.9953977382726935 0.9953977382726935 0.9953977382726935 
0.435 0.9952797461348402 0.9952797461348402 0.9952797461348402 0.9952797461348402 
0.436 0.9951631006394435 0.9951631006394435 0.9951631006394435 0.9951631006394435 
0.437 0.9950479605793856 0.9950479605793856 0.9950479605793856 0.9950479605793856 
0.438 0.9949344744323685 0.9949344744323685 0.9949344744323685 0.9949344744323685 
0.439 0.9948227802578593 0.9948227802578593 0.9948227802578593 0.9948227802578593 
0.44 0.9947130056871205 0.9947130056871205 0.9947130056871205 0.9947130056871205 
0.441 0.9946052679935179 0.9946052679935179 0.9946052679935179 0.9946052679935179 
0.442 0.9944996742309653 0.9944996742309653 0.9944996742309653 0.9944996742309653 
0.443 0.9943963214291701 0.9943963214291701 0.9943963214291701 0.9943963214291701 
0.444 0.9942952968353245 0.9942952968353245 0.9942952968353245 0.9942952968353245 
0.445 0.9941966781928762 0.9941966781928762 0.9941966781928762 0.9941966781928762 
0.446 0.9941005340490638 0.9941005340490638 0.9941005340490638 0.9941005340490638 
0.447 0.9940069240838836 0.9940069240838836 0.9940069240838836 0.9940069240838836 
0.448 0.9939158994541268 0.9939158994541268 0.9939158994541268 0.9939158994541268 
0.449 0.9938275031470429 0.9938275031470429 0.9938275031470429 0.9938275031470429 
0.45 0.9937417703389787 0.9937417703389787 0.9937417703389787 0.9937417703389787 
0.451 0.9936587287551351 0.9936587287551351 0.9936587287551351 0.9936587287551351 
0.452 0.9935783990272244 0.9935783990272244 0.9935783990272244 0.9935783990272244 
0.453 0.9935007950464284 0.9935007950464284 0.9935007950464284 0.9935007950464284 
0.454 0.9934259243095585 0.9934259243095585 0.9934259243095585 0.9934259243095585 
0.455 0.9933537882567964 0.9933537882567964 0.9933537882567964 0.9933537882567964 
0.456 0.9932843825997565 0.9932843825997565 0.9932843825997565 0.9932843825997565 
0.457 0.9932176976389634 0.9932176976389634 0.9932176976389634 0.9932176976389634 
0.458 0.9931537185700989 0.9931537185700989 0.9931537185700989 0.9931537185700989 
0.459 0.9930924257786174 0.9930924257786174 0.9930924257786174 0.9930924257786174 
0.46 0.9930337951225133 0.9930337951225133 0.9930337951225133 0.9930337951225133 
0.461 0.9929777982031835 0.9929777982031835 0.9929777982031835 0.9929777982031835 
0.462 0.9929244026244576 0.9929244026244576 0.9929244026244576 0.9929244026244576 
0.463 0.9928735722399571 0.9928735722399571 0.9928735722399571 0.9928735722399571 
0.464 0.9928252673890368 0.9928252673890368 0.9928252673890368 0.9928252673890368 
0.465 0.9927794451216115 0.9927794451216115 0.9927794451216115 0.9927794451216115 
0.466 0.9927360594122144 0.9927360594122144 0.9927360594122144 0.9927360594122144 
0.467 0.9926950613636686 0.9926950613636686 0.9926950613636686 0.9926950613636686 
0.468 0.9926563994007598 0.9926563994007598 0.9926563994007598 0.9926563994007598 
0.469 0.9926200194543302 0.9926200194543302 0.9926200194543302 0.9926200194543302 
0.47 0.9925858651361871 0.9925858651361871 0.9925858651361871 0.9925858651361871 
0.471 0.992553877905238 0.992553877905238 0.992553877905238 0.992553877905238 
0.472 0.9925239972252481 0.9925239972252481 0.9925239972252481 0.9925239972252481 
0.473 0.9924961607146041 0.9924961607146041 0.9924961607146041 0.9924961607146041 
0.474 0.9924703042884496 0.9924703042884496 0.9924703042884496 0.9924703042884496 
0.475 0.9924463622935471 0.9924463622935471 0.9924463622935471 0.9924463622935471 
0.476 0.9924242676362018 0.9924242676362018 0.9924242676362018 0.9924242676362018 
0.477 0.9924039519035538 0.9924039519035538 0.9924039519035538 0.9924039519035538 
0.478 0.9923853454785408 0.9923853454785408 0.9923853454785408 0.9923853454785408 
0.479 0.9923683776487973 0.9923683776487973 0.9923683776487973 0.9923683776487973 
0.48 0.9923529767097428 0.9923529767097428 0.9923529767097428 0.9923529767097428 
0.481 0.9923390700620965 0.9923390700620965 0.9923390700620965 0.9923390700620965 
0.482 0.9923265843040235 0.9923265843040235 0.9923265843040235 0.9923265843040235 
0.483 0.9923154453181069 0.9923154453181069 0.9923154453181069 0.9923154453181069 
0.484 0.9923055783533204 0.9923055783533204 0.9923055783533204 0.9923055783533204 
0.485 0.9922969081021558 0.9922969081021558 0.9922969081021558 0.9922969081021558 
0.486 0.9922893587730416 0.9922893587730416 0.9922893587730416 0.9922893587730416 
0.487 0.9922828541581784 0.9922828541581784 0.9922828541581784 0.9922828541581784 
0.488 0.9922773176968901 0.9922773176968901 0.9922773176968901 0.9922773176968901 
0.489 0.9922726725345935 0.9922726725345935 0.9922726725345935 0.9922726725345935 
0.49 0.9922688415774498 0.9922688415774498 0.9922688415774498 0.9922688415774498 
0.491 0.9922657475427799 0.9922657475427799 0.9922657475427799 0.9922657475427799 
0.492 0.9922633130052808 0.9922633130052808 0.9922633130052808 0.9922633130052808 
0.493 0.992261460439105 0.992261460439105 0.992261460439105 0.992261460439105 
0.494 0.9922601122558173 0.9922601122558173 0.9922601122558173 0.9922601122558173 
0.495 0.9922591908382768 0.9922591908382768 0.9922591908382768 0.9922591908382768 
0.496 0.9922586185704431 0.9922586185704431 0.9922586185704431 0.9922586185704431 
0.497 0.9922583178631358 0.9922583178631358 0.9922583178631358 0.9922583178631358 
0.498 0.9922582111757444 0.9922582111757444 0.9922582111757444 0.9922582111757444 
0.499 0.9922582210339017 0.9922582210339017 0.9922582210339017 0.9922582210339017 
0.5 0.9922582700431122 0.9922582700431122 0.9922582700431122 0.9922582700431122 
0.501 0.9922582808983492 0.9922582808983492 0.9922582808983492 0.9922582808983492 
0.502 0.9922581763896051 0.9922581763896051 0.9922581763896051 0.9922581763896051 
0.503 0.9922578794034053 0.9922578794034053 0.9922578794034053 0.9922578794034053 
0.504 0.9922573129202868 0.9922573129202868 0.9922573129202868 0.9922573129202868 
0.505 0.992256400008237 0.992256400008237 0.992256400008237 0.992256400008237 
0.506 0.9922550638121138 0.9922550638121138 0.9922550638121138 0.9922550638121138 
0.507 0.9922532275390511 0.9922532275390511 0.9922532275390511 0.9922532275390511 
0.508 0.9922508144398711 0.9922508144398711 0.9922508144398711 0.9922508144398711 
0.509 0.9922477477865298 0.9922477477865298 0.9922477477865298 0.9922477477865298 
0.51 0.9922439508456345 0.9922439508456345 0.9922439508456345 0.9922439508456345 
0.511 0.9922393468480669 0.9922393468480669 0.9922393468480669 0.9922393468480669 
0.512 0.9922338589547771 0.9922338589547771 0.9922338589547771 0.9922338589547771 
0.513 0.9922274102188005 0.9922274102188005 0.9922274102188005 0.9922274102188005 
0.514 0.9922199235435895 0.9922199235435895 0.9922199235435895 0.9922199235435895 
0.515 0.9922113216377365 0.9922113216377365 0.9922113216377365 0.9922113216377365 
0.516 0.992201526966201 0.992201526966201 0.992201526966201 0.992201526966201 
0.517 0.9921904616981582 0.9921904616981582 0.9921904616981582 0.9921904616981582 
0.518 0.9921780476516028 0.9921780476516028 0.9921780476516028 0.9921780476516028 
0.519 0.9921642062348632 0.9921642062348632 0.9921642062348632 0.9921642062348632 
0.52 0.9921488583851954 0.9921488583851954 0.9921488583851954 0.9921488583851954 
0.521 0.9921319245046475 0.9921319245046475 0.9921319245046475 0.9921319245046475 
0.522 0.9921133243933974 0.9921133243933974 0.9921133243933974 0.9921133243933974 
0.523 0.9920929771808027 0.9920929771808027 0.9920929771808027 0.9920929771808027 
0.524 0.9920708012544033 0.9920708012544033 0.9920708012544033 0.9920708012544033 
0.525 0.9920467141871541 0.9920467141871541 0.9920467141871541 0.9920467141871541 
0.526 0.9920206326631775 0.9920206326631775 0.9920206326631775 0.9920206326631775 
0.527 0.9919924724023557 0.9919924724023557 0.9919924724023557 0.9919924724023557 
0.528 0.9919621480840972 0.9919621480840972 0.9919621480840972 0.9919621480840972 
0.529 0.9919295732706404 0.9919295732706404 0.9919295732706404 0.9919295732706404 
0.53 0.9918946603302824 0.9918946603302824 0.9918946603302824 0.9918946603302824 
0.531 0.9918573203609296 0.9918573203609296 0.9918573203609296 0.9918573203609296 
0.532 0.991817463114413 0.991817463114413 0.991817463114413 0.991817463114413 
0.533 0.9917749969220022 0.9917749969220022 0.9917749969220022 0.9917749969220022 
0.534 0.9917298286216014 0.9917298286216014 0.9917298286216014 0.9917298286216014 
0.535 0.9916818634870987 0.9916818634870987 0.9916818634870987 0.9916818634870987 
0.536 0.9916310051603976 0.9916310051603976 0.9916310051603976 0.9916310051603976 
0.537 0.9915771555866175 0.9915771555866175 0.9915771555866175 0.9915771555866175 
0.538 0.9915202149530231 0.9915202149530231 0.9915202149530231 0.9915202149530231 
0.539 0.9914600816321997 0.9914600816321997 0.9914600816321997 0.9914600816321997 
0.54 0.9913966521300296 0.9913966521300296 0.9913966521300296 0.9913966521300296 
0.541 0.9913298210390094 0.9913298210390094 0.9913298210390094 0.9913298210390094 
0.542 0.9912594809974404 0.9912594809974404 0.9912594809974404 0.9912594809974404 
0.543 0.9911855226550408 0.9911855226550408 0.9911855226550408 0.9911855226550408 
0.544 0.9911078346454694 0.9911078346454694 0.9911078346454694 0.9911078346454694 
0.545 0.9910263035662753 0.9910263035662753 0.9910263035662753 0.9910263035662753 
0.546 0.9909408139667362 0.9909408139667362 0.9909408139667362 0.9909408139667362 
0.547 0.9908512483440024 0.9908512483440024 0.9908512483440024 0.9908512483440024 
0.548 0.9907574871479654 0.9907574871479654 0.9907574871479654 0.9907574871479654 
0.549 0.9906594087951679 0.9906594087951679 0.9906594087951679 0.9906594087951679 
0.55 0.9905568896920556 0.9905568896920556 0.9905568896920556 0.9905568896920556 
0.551 0.990449804267804 0.990449804267804 0.990449804267804 0.990449804267804 
0.552 0.9903380250168585 0.9903380250168585 0.9903380250168585 0.9903380250168585 
0.553 0.9902214225512938 0.9902214225512938 0.9902214225512938 0.9902214225512938 
0.554 0.9900998656629706 0.9900998656629706 0.9900998656629706 0.9900998656629706 
0.555 0.989973221395429 0.989973221395429 0.989973221395429 0.989973221395429 
0.556 0.98984135512534 0.98984135512534 0.98984135512534 0.98984135512534 
0.557 0.9897041306532454 0.9897041306532454 0.9897041306532454 0.9897041306532454 
0.558 0.9895614103032518 0.9895614103032518 0.9895614103032518 0.9895614103032518 
0.559 0.9894130550312078 0.9894130550312078 0.9894130550312078 0.9894130550312078 
0.56 0.9892589245408567 0.9892589245408567 0.9892589245408567 0.9892589245408567 
0.561 0.9890988774073176 0.9890988774073176 0.9890988774073176 0.9890988774073176 
0.562 0.9889327712072044 0.9889327712072044 0.9889327712072044 0.9889327712072044 
0.563 0.9887604626545977 0.9887604626545977 0.9887604626545977 0.9887604626545977 
0.564 0.9885818077420263 0.9885818077420263 0.9885818077420263 0.9885818077420263 
0.565 0.988396661885536 0.988396661885536 0.988396661885536 0.988396661885536 
0.566 0.9882048800729265 0.9882048800729265 0.9882048800729265 0.9882048800729265 
0.567 0.9880063170141231 0.9880063170141231 0.9880063170141231 0.9880063170141231 
0.568 0.9878008272927066 0.9878008272927066 0.9878008272927066 0.9878008272927066 
0.569 0.9875882655175732 0.9875882655175732 0.9875882655175732 0.9875882655175732 
0.57 0.9873684864736897 0.9873684864736897 0.9873684864736897 0.9873684864736897 
0.571 0.9871413452709481 0.9871413452709481 0.9871413452709481 0.9871413452709481 
0.572 0.9869066974901788 0.9869066974901788 0.9869066974901788 0.9869066974901788 
0.573 0.9866643993253608 0.9866643993253608 0.9866643993253608 0.9866643993253608 
0.574 0.9864143077211543 0.9864143077211543 0.9864143077211543 0.9864143077211543 
0.575 0.9861562805049953 0.9861562805049953 0.9861562805049953 0.9861562805049953 
0.576 0.985890176512953 0.985890176512953 0.985890176512953 0.985890176512953 
0.577 0.9856158557087719 0.9856158557087719 0.9856158557087719 0.9856158557087719 
0.578 0.9853331792954686 0.9853331792954686 0.9853331792954686 0.9853331792954686 
0.579 0.9850420098190833 0.9850420098190833 0.9850420098190833 0.9850420098190833 
0.58 0.9847422112641503 0.9847422112641503 0.9847422112641503 0.9847422112641503 
0.581 0.9844336491406639 0.9844336491406639 0.9844336491406639 0.9844336491406639 
0.582 0.9841161905623257 0.9841161905623257 0.9841161905623257 0.9841161905623257 
0.583 0.9837897043160212 0.9837897043160212 0.9837897043160212 0.9837897043160212 
0.584 0.9834540609224782 0.9834540609224782 0.9834540609224782 0.9834540609224782 
0.585 0.9831091326882467 0.9831091326882467 0.9831091326882467 0.9831091326882467 
0.586 0.9827547937491288 0.9827547937491288 0.9827547937491288 0.9827547937491288 
0.587 0.9823909201053311 0.9823909201053311 0.9823909201053311 0.9823909201053311 
0.588 0.982017389648587 0.982017389648587 0.982017389648587 0.982017389648587 
0.589 0.9816340821816489 0.9816340821816489 0.9816340821816489 0.9816340821816489 
0.59 0.9812408794305468 0.9812408794305468 0.9812408794305468 0.9812408794305468 
0.591 0.9808376650500107 0.9808376650500107 0.9808376650500107 0.9808376650500107 
0.592 0.9804243246225912 0.9804243246225912 0.9804243246225912 0.9804243246225912 
0.593 0.9800007456518937 0.9800007456518937 0.9800007456518937 0.9800007456518937 
0.594 0.9795668175505017 0.9795668175505017 0.9795668175505017 0.9795668175505017 
0.595 0.9791224316230487 0.9791224316230487 0.9791224316230487 0.9791224316230487 
0.596 0.9786674810449698 0.9786674810449698 0.9786674810449698 0.9786674810449698 
0.597 0.9782018608374177 0.9782018608374177 0.9782018608374177 0.9782018608374177 
0.598 0.9777254678388739 0.9777254678388739 0.9777254678388739 0.9777254678388739 
0.599 0.9772382006739107 0.9772382006739107 0.9772382006739107 0.9772382006739107 
0.6 0.9767399597195329 0.9767399597195329 0.9767399597195329 0.9767399597195329 
0.601 0.9762306470695858 0.9762306470695858 0.9762306470695858 0.9762306470695858 
0.602 0.9757101664975993 0.9757101664975993 0.9757101664975993 0.9757101664975993 
0.603 0.9751784234184959 0.9751784234184959 0.9751784234184959 0.9751784234184959 
0.604 0.9746353248494454 0.9746353248494454 0.9746353248494454 0.9746353248494454 
0.605 0.9740807793702809 0.9740807793702809 0.9740807793702809 0.9740807793702809 
0.606 0.9735146970837034 0.9735146970837034 0.9735146970837034 0.9735146970837034 
0.607 0.9729369895755782 0.9729369895755782 0.9729369895755782 0.9729369895755782 
0.608 0.9723475698755553 0.9723475698755553 0.9723475698755553 0.9723475698755553 
0.609 0.9717463524182259 0.9717463524182259 0.9717463524182259 0.9717463524182259 
0.61 0.971133253005001 0.971133253005001 0.971133253005001 0.971133253005001 
0.611 0.9705081887668978 0.9705081887668978 0.9705081887668978 0.9705081887668978 
0.612 0.9698710781283094 0.9698710781283094 0.9698710781283094 0.9698710781283094 
0.613 0.9692218407719653 0.9692218407719653 0.9692218407719653 0.9692218407719653 
0.614 0.9685603976050767 0.9685603976050767 0.9685603976050767 0.9685603976050767 
0.615 0.9678866707268414 0.9678866707268414 0.9678866707268414 0.9678866707268414 
0.616 0.9672005833972943 0.9672005833972943 0.9672005833972943 0.9672005833972943 
0.617 0.9665020600075818 0.9665020600075818 0.9665020600075818 0.9665020600075818 
0.618 0.9657910260516792 0.9657910260516792 0.9657910260516792 0.9657910260516792 
0.619 0.9650674080995659 0.9650674080995659 0.9650674080995659 0.9650674080995659 
0.62 0.9643311337718956 0.9643311337718956 0.9643311337718956 0.9643311337718956 
0.621 0.963582131716078 0.963582131716078 0.963582131716078 0.963582131716078 
0.622 0.9628203315838643 0.9628203315838643 0.9628203315838643 0.9628203315838643 
0.623 0.9620456640103359 0.9620456640103359 0.9620456640103359 0.9620456640103359 
0.624 0.9612580605942785 0.9612580605942785 0.9612580605942785 0.9612580605942785 
0.625 0.9604574538799667 0.9604574538799667 0.9604574538799667 0.9604574538799667 
0.626 0.9596437773402545 0.9596437773402545 0.9596437773402545 0.9596437773402545 
0.627 0.9588169653609592 0.9588169653609592 0.9588169653609592 0.9588169653609592 
0.628 0.9579769532265229 0.9579769532265229 0.9579769532265229 0.9579769532265229 
0.629 0.9571236771068389 0.9571236771068389 0.9571236771068389 0.9571236771068389 
0.63 0.9562570740452533 0.9562570740452533 0.9562570740452533 0.9562570740452533 
0.631 0.9553770819477037 0.9553770819477037 0.9553770819477037 0.9553770819477037 
0.632 0.9544836395728633 0.9544836395728633 0.9544836395728633 0.9544836395728633 
0.633 0.9535766865233548 0.9535766865233548 0.9535766865233548 0.9535766865233548 
0.634 0.9526561632378968 0.9526561632378968 0.9526561632378968 0.9526561632378968 
0.635 0.9517220109843741 0.9517220109843741 0.9517220109843741 0.9517220109843741 
0.636 0.9507741718537798 0.9507741718537798 0.9507741718537798 0.9507741718537798 
0.637 0.9498125887549793 0.9498125887549793 0.9498125887549793 0.9498125887549793 
0.638 0.9488372054102547 0.9488372054102547 0.9488372054102547 0.9488372054102547 
0.639 0.947847966351582 0.947847966351582 0.947847966351582 0.947847966351582 
0.64 0.9468448169175991 0.9468448169175991 0.9468448169175991 0.9468448169175991 
0.641 0.9458277032512241 0.9458277032512241 0.9458277032512241 0.9458277032512241 
0.642 0.9447965722979071 0.9447965722979071 0.9447965722979071 0.9447965722979071 
0.643 0.9437513718044087 0.9437513718044087 0.9437513718044087 0.9437513718044087 
0.644 0.9426920503181769 0.9426920503181769 0.9426920503181769 0.9426920503181769 
0.645 0.9416185571871599 0.9416185571871599 0.9416185571871599 0.9416185571871599 
0.646 0.9405308425601512 0.9405308425601512 0.9405308425601512 0.9405308425601512 
0.647 0.9394288573875356 0.9394288573875356 0.9394288573875356 0.9394288573875356 
0.648 0.9383125534224539 0.9383125534224539 0.9383125534224539 0.9383125534224539 
0.649 0.9371818832223483 0.9371818832223483 0.9371818832223483 0.9371818832223483 
0.65 0.9360368001508588 0.9360368001508588 0.9360368001508588 0.9360368001508588 
0.651 0.9348772583800484 0.9348772583800484 0.9348772583800484 0.9348772583800484 
0.652 0.933703212892934 0.933703212892934 0.933703212892934 0.933703212892934 
0.653 0.932514619486294 0.932514619486294 0.932514619486294 0.932514619486294 
0.654 0.9313114347737381 0.9313114347737381 0.9313114347737381 0.9313114347737381 
0.655 0.9300936161890093 0.9300936161890093 0.9300936161890093 0.9300936161890093 
0.656 0.9288611219895365 0.9288611219895365 0.9288611219895365 0.9288611219895365 
0.657 0.9276139112601445 0.9276139112601445 0.9276139112601445 0.9276139112601445 
0.658 0.9263519439169682 0.9263519439169682 0.9263519439169682 0.9263519439169682 
0.659 0.9250751807115699 0.9250751807115699 0.9250751807115699 0.9250751807115699 
0.66 0.9237835832351492 0.9237835832351492 0.9237835832351492 0.9237835832351492 
0.661 0.9224771139229668 0.9224771139229668 0.9224771139229668 0.9224771139229668 
0.662 0.92115573605882 0.92115573605882 0.92115573605882 0.92115573605882 
0.663 0.9198194137797107 0.9198194137797107 0.9198194137797107 0.9198194137797107 
0.664 0.9184681120805807 0.9184681120805807 0.9184681120805807 0.9184681120805807 
0.665 0.9171017968191236 0.9171017968191236 0.9171017968191236 0.9171017968191236 
0.666 0.915720434720735 0.915720434720735 0.915720434720735 0.915720434720735 
0.667 0.9143239933835025 0.9143239933835025 0.9143239933835025 0.9143239933835025 
0.668 0.912912441283276 0.912912441283276 0.912912441283276 0.912912441283276 
0.669 0.9114857477787986 0.9114857477787986 0.9114857477787986 0.9114857477787986 
0.67 0.9100438831168918 0.9100438831168918 0.9100438831168918 0.9100438831168918 
0.671 0.9085868184376874 0.9085868184376874 0.9085868184376874 0.9085868184376874 
0.672 0.9071145257799025 0.9071145257799025 0.9071145257799025 0.9071145257799025 
0.673 0.9056269780861471 0.9056269780861471 0.9056269780861471 0.9056269780861471 
0.674 0.9041241492082652 0.9041241492082652 0.9041241492082652 0.9041241492082652 
0.675 0.9026060139127016 0.9026060139127016 0.9026060139127016 0.9026060139127016 
0.676 0.9010725478858851 0.9010725478858851 0.9010725478858851 0.9010725478858851 
0.677 0.8995237277396341 0.8995237277396341 0.8995237277396341 0.8995237277396341 
0.678 0.8979595310165642 0.8979595310165642 0.8979595310165642 0.8979595310165642 
0.679 0.8963799361955402 0.8963799361955402 0.8963799361955402 0.8963799361955402 
0.68 0.8947849226970823 0.8947849226970823 0.8947849226970823 0.8947849226970823 
0.681 0.8931744708888114 0.8931744708888114 0.8931744708888114 0.8931744708888114 
0.682 0.8915485620908875 0.8915485620908875 0.8915485620908875 0.8915485620908875 
0.683 0.8899071785814336 0.8899071785814336 0.8899071785814336 0.8899071785814336 
0.684 0.8882503036019966 0.8882503036019966 0.8882503036019966 0.8882503036019966 
0.685 0.8865779213629473 0.8865779213629473 0.8865779213629473 0.8865779213629473 
0.686 0.8848900170489061 0.8848900170489061 0.8848900170489061 0.8848900170489061 
0.687 0.8831865768241453 0.8831865768241453 0.8831865768241453 0.8831865768241453 
0.688 0.8814675878380145 0.8814675878380145 0.8814675878380145 0.8814675878380145 
0.689 0.8797330382303012 0.8797330382303012 0.8797330382303012 0.8797330382303012 
0.69 0.8779829171366139 0.8779829171366139 0.8779829171366139 0.8779829171366139 
0.691 0.8762172146937419 0.8762172146937419 0.8762172146937419 0.8762172146937419 
0.692 0.8744359220450083 0.8744359220450083 0.8744359220450083 0.8744359220450083 
0.693 0.8726390313455838 0.8726390313455838 0.8726390313455838 0.8726390313455838 
0.694 0.8708265357677559 0.8708265357677559 0.8708265357677559 0.8708265357677559 
0.695 0.8689984295063962 0.8689984295063962 0.8689984295063962 0.8689984295063962 
0.696 0.8671547077840633 0.8671547077840633 0.8671547077840633 0.8671547077840633 
0.697 0.8652953668563179 0.8652953668563179 0.8652953668563179 0.8652953668563179 
0.698 0.8634204040169766 0.8634204040169766 0.8634204040169766 0.8634204040169766 
0.699 0.8615298176033287 0.8615298176033287 0.8615298176033287 0.8615298176033287 
0.7 0.8596236070013352 0.8596236070013352 0.8596236070013352 0.8596236070013352 
0.701 0.8577017726508416 0.8577017726508416 0.8577017726508416 0.8577017726508416 
0.702 0.855764316050714 0.855764316050714 0.855764316050714 0.855764316050714 
0.703 0.8538112397640215 0.8538112397640215 0.8538112397640215 0.8538112397640215 
0.704 0.851842547423136 0.851842547423136 0.851842547423136 0.851842547423136 
0.705 0.8498582437348693 0.8498582437348693 0.8498582437348693 0.8498582437348693 
0.706 0.8478583344855682 0.8478583344855682 0.8478583344855682 0.8478583344855682 
0.707 0.8458428265461675 0.8458428265461675 0.8458428265461675 0.8458428265461675 
0.708 0.8438117278772712 0.8438117278772712 0.8438117278772712 0.8438117278772712 
0.709 0.8417650475341962 0.8417650475341962 0.8417650475341962 0.8417650475341962 
0.71 0.8397027956719699 0.8397027956719699 0.8397027956719699 0.8397027956719699 
0.711 0.8376249835503617 0.8376249835503617 0.8376249835503617 0.8376249835503617 
0.712 0.8355316235388742 0.8355316235388742 0.8355316235388742 0.8355316235388742 
0.713 0.8334227291216917 0.8334227291216917 0.8334227291216917 0.8334227291216917 
0.714 0.8312983149026615 0.8312983149026615 0.8312983149026615 0.8312983149026615 
0.715 0.8291583966102319 0.8291583966102319 0.8291583966102319 0.8291583966102319 
0.716 0.8270029911023853 0.8270029911023853 0.8270029911023853 0.8270029911023853 
0.717 0.8248321163715259 0.8248321163715259 0.8248321163715259 0.8248321163715259 
0.718 0.8226457915494049 0.8226457915494049 0.8226457915494049 0.8226457915494049 
0.719 0.8204440369120068 0.8204440369120068 0.8204440369120068 0.8204440369120068 
0.72 0.8182268738843946 0.8182268738843946 0.8182268738843946 0.8182268738843946 
0.721 0.8159943250456041 0.8159943250456041 0.8159943250456041 0.8159943250456041 
0.722 0.8137464141334589 0.8137464141334589 0.8137464141334589 0.8137464141334589 
0.723 0.8114831660494305 0.8114831660494305 0.8114831660494305 0.8114831660494305 
0.724 0.8092046068634658 0.8092046068634658 0.8092046068634658 0.8092046068634658 
0.725 0.8069107638187752 0.8069107638187752 0.8069107638187752 0.8069107638187752 
0.726 0.8046016653366638 0.8046016653366638 0.8046016653366638 0.8046016653366638 
0.727 0.80227734102133 0.80227734102133 0.80227734102133 0.80227734102133 
0.728 0.7999378216646236 0.7999378216646236 0.7999378216646236 0.7999378216646236 
0.729 0.7975831392508637 0.7975831392508637 0.7975831392508637 0.7975831392508637 
0.73 0.7952133269615748 0.7952133269615748 0.7952133269615748 0.7952133269615748 
0.731 0.7928284191802776 0.7928284191802776 0.7928284191802776 0.7928284191802776 
0.732 0.7904284514972514 0.7904284514972514 0.7904284514972514 0.7904284514972514 
0.733 0.7880134607142587 0.7880134607142587 0.7880134607142587 0.7880134607142587 
0.734 0.785583484849331 0.785583484849331 0.785583484849331 0.785583484849331 
0.735 0.7831385631414787 0.7831385631414787 0.7831385631414787 0.7831385631414787 
0.736 0.7806787360554658 0.7806787360554658 0.7806787360554658 0.7806787360554658 
0.737 0.7782040452865153 0.7782040452865153 0.7782040452865153 0.7782040452865153 
0.738 0.7757145337650772 0.7757145337650772 0.7757145337650772 0.7757145337650772 
0.739 0.7732102456615303 0.7732102456615303 0.7732102456615303 0.7732102456615303 
0.74 0.7706912263909459 0.7706912263909459 0.7706912263909459 0.7706912263909459 
0.741 0.7681575226177912 0.7681575226177912 0.7681575226177912 0.7681575226177912 
0.742 0.7656091822606899 0.7656091822606899 0.7656091822606899 0.7656091822606899 
0.743 0.7630462544971267 0.7630462544971267 0.7630462544971267 0.7630462544971267 
0.744 0.7604687897682115 0.7604687897682115 0.7604687897682115 0.7604687897682115 
0.745 0.7578768397833865 0.7578768397833865 0.7578768397833865 0.7578768397833865 
0.746 0.7552704575251957 0.7552704575251957 0.7552704575251957 0.7552704575251957 
0.747 0.7526496972539971 0.7526496972539971 0.7526496972539971 0.7526496972539971 
0.748 0.7500146145127409 0.7500146145127409 0.7500146145127409 0.7500146145127409 
0.749 0.7473652661316894 0.7473652661316894 0.7473652661316894 0.7473652661316894 
0.75 0.7447017102332057 0.7447017102332057 0.7447017102332057 0.7447017102332057 
0.751 0.7420240062364842 0.7420240062364842 0.7420240062364842 0.7420240062364842 
0.752 0.7393322148623532 0.7393322148623532 0.7393322148623532 0.7393322148623532 
0.753 0.736626398138017 0.736626398138017 0.736626398138017 0.736626398138017 
0.754 0.7339066194018756 0.7339066194018756 0.7339066194018756 0.7339066194018756 
0.755 0.7311729433082816 0.7311729433082816 0.7311729433082816 0.7311729433082816 
0.756 0.7284254358323803 0.7284254358323803 0.7284254358323803 0.7284254358323803 
0.757 0.725664164274889 0.725664164274889 0.725664164274889 0.725664164274889 
0.758 0.7228891972669285 0.7228891972669285 0.7228891972669285 0.7228891972669285 
0.759 0.7201006047748734 0.7201006047748734 0.7201006047748734 0.7201006047748734 
0.76 0.7172984581051683 0.7172984581051683 0.7172984581051683 0.7172984581051683 
0.761 0.7144828299092174 0.7144828299092174 0.7144828299092174 0.7144828299092174 
0.762 0.7116537941882287 0.7116537941882287 0.7116537941882287 0.7116537941882287 
0.763 0.7088114262980998 0.7088114262980998 0.7088114262980998 0.7088114262980998 
0.764 0.7059558029543387 0.7059558029543387 0.7059558029543387 0.7059558029543387 
0.765 0.7030870022369443 0.7030870022369443 0.7030870022369443 0.7030870022369443 
0.766 0.700205103595369 0.700205103595369 0.700205103595369 0.700205103595369 
0.767 0.6973101878534349 0.6973101878534349 0.6973101878534349 0.6973101878534349 
0.768 0.6944023372142991 0.6944023372142991 0.6944023372142991 0.6944023372142991 
0.769 0.6914816352654531 0.6914816352654531 0.6914816352654531 0.6914816352654531 
0.77 0.6885481669836953 0.6885481669836953 0.6885481669836953 0.6885481669836953 
0.771 0.6856020187401461 0.6856020187401461 0.6856020187401461 0.6856020187401461 
0.772 0.6826432783053061 0.6826432783053061 0.6826432783053061 0.6826432783053061 
0.773 0.6796720348540829 0.6796720348540829 0.6796720348540829 0.6796720348540829 
0.774 0.6766883789708692 0.6766883789708692 0.6766883789708692 0.6766883789708692 
0.775 0.6736924026546559 0.6736924026546559 0.6736924026546559 0.6736924026546559 
0.776 0.6706841993241277 0.6706841993241277 0.6706841993241277 0.6706841993241277 
0.777 0.6676638638228009 0.6676638638228009 0.6676638638228009 0.6676638638228009 
0.778 0.6646314924242065 0.6646314924242065 0.6646314924242065 0.6646314924242065 
0.779 0.66158718283705 0.66158718283705 0.66158718283705 0.66158718283705 
0.78 0.6585310342104213 0.6585310342104213 0.6585310342104213 0.6585310342104213 
0.781 0.6554631471390474 0.6554631471390474 0.6554631471390474 0.6554631471390474 
0.782 0.6523836236685269 0.6523836236685269 0.6523836236685269 0.6523836236685269 
0.783 0.6492925673006134 0.6492925673006134 0.6492925673006134 0.6492925673006134 
0.784 0.6461900829985452 0.6461900829985452 0.6461900829985452 0.6461900829985452 
0.785 0.6430762771923573 0.6430762771923573 0.6430762771923573 0.6430762771923573 
0.786 0.6399512577842511 0.6399512577842511 0.6399512577842511 0.6399512577842511 
0.787 0.6368151341539785 0.6368151341539785 0.6368151341539785 0.6368151341539785 
0.788 0.6336680171642787 0.6336680171642787 0.6336680171642787 0.6336680171642787 
0.789 0.6305100191663023 0.6305100191663023 0.6305100191663023 0.6305100191663023 
0.79 0.6273412540050908 0.6273412540050908 0.6273412540050908 0.6273412540050908 
0.791 0.6241618370251001 0.6241618370251001 0.6241618370251001 0.6241618370251001 
0.792 0.6209718850757147 0.6209718850757147 0.6209718850757147 0.6209718850757147 
0.793 0.617771516516821 0.617771516516821 0.617771516516821 0.617771516516821 
0.794 0.6145608512244018 0.6145608512244018 0.6145608512244018 0.6145608512244018 
0.795 0.6113400105961788 0.6113400105961788 0.6113400105961788 0.6113400105961788 
0.796 0.6081091175572594 0.6081091175572594 0.6081091175572594 0.6081091175572594 
0.797 0.6048682965658337 0.6048682965658337 0.6048682965658337 0.6048682965658337 
0.798 0.601617673618898 0.601617673618898 0.601617673618898 0.601617673618898 
0.799 0.5983573762580318 0.5983573762580318 0.5983573762580318 0.5983573762580318 
0.8 0.595087533575175 0.595087533575175 0.595087533575175 0.595087533575175 
0.801 0.591808276218462 0.591808276218462 0.591808276218462 0.591808276218462 
0.802 0.5885197363980801 0.5885197363980801 0.5885197363980801 0.5885197363980801 
0.803 0.5852220478921886 0.5852220478921886 0.5852220478921886 0.5852220478921886 
0.804 0.5819153460528301 0.5819153460528301 0.5819153460528301 0.5819153460528301 
0.805 0.5785997678119137 0.5785997678119137 0.5785997678119137 0.5785997678119137 
0.806 0.575275451687212 0.575275451687212 0.575275451687212 0.575275451687212 
0.807 0.5719425377884262 0.5719425377884262 0.5719425377884262 0.5719425377884262 
0.808 0.5686011678232481 0.5686011678232481 0.5686011678232481 0.5686011678232481 
0.809 0.565251485103484 0.565251485103484 0.565251485103484 0.565251485103484 
0.81 0.5618936345512082 0.5618936345512082 0.5618936345512082 0.5618936345512082 
0.811 0.558527762704977 0.558527762704977 0.558527762704977 0.558527762704977 
0.812 0.5551540177260408 0.5551540177260408 0.5551540177260408 0.5551540177260408 
0.813 0.5517725494046261 0.5517725494046261 0.5517725494046261 0.5517725494046261 
0.814 0.5483835091662466 0.5483835091662466 0.5483835091662466 0.5483835091662466 
0.815 0.54498705007805 0.54498705007805 0.54498705007805 0.54498705007805 
0.816 0.5415833268552273 0.5415833268552273 0.5415833268552273 0.5415833268552273 
0.817 0.538172495867425 0.538172495867425 0.538172495867425 0.538172495867425 
0.818 0.5347547151452242 0.5347547151452242 0.5347547151452242 0.5347547151452242 
0.819 0.5313301443866536 0.5313301443866536 0.5313301443866536 0.5313301443866536 
0.82 0.5278989449637368 0.5278989449637368 0.5278989449637368 0.5278989449637368 
0.821 0.5244612799291052 0.5244612799291052 0.5244612799291052 0.5244612799291052 
0.822 0.5210173140226142 0.5210173140226142 0.5210173140226142 0.5210173140226142 
0.823 0.5175672136780269 0.5175672136780269 0.5175672136780269 0.5175672136780269 
0.824 0.5141111470297346 0.5141111470297346 0.5141111470297346 0.5141111470297346 
0.825 0.5106492839195098 0.5106492839195098 0.5106492839195098 0.5106492839195098 
0.826 0.507181795903328 0.507181795903328 0.507181795903328 0.507181795903328 
0.827 0.5037088562581914 0.5037088562581914 0.5037088562581914 0.5037088562581914 
0.828 0.5002306399890236 0.5002306399890236 0.5002306399890236 0.5002306399890236 
0.829 0.49674732383559966 0.49674732383559966 0.49674732383559966 0.49674732383559966 
0.83 0.4932590862795142 0.4932590862795142 0.4932590862795142 0.4932590862795142 
0.831 0.48976610755119376 0.48976610755119376 0.48976610755119376 0.48976610755119376 
0.832 0.48626856963696424 0.48626856963696424 0.48626856963696424 0.48626856963696424 
0.833 0.48276665628613585 0.48276665628613585 0.48276665628613585 0.48276665628613585 
0.834 0.47926055301814835 0.47926055301814835 0.47926055301814835 0.47926055301814835 
0.835 0.47575044712975456 0.47575044712975456 0.47575044712975456 0.47575044712975456 
0.836 0.4722365277022415 0.4722365277022415 0.4722365277022415 0.4722365277022415 
0.837 0.4687189856087137 0.4687189856087137 0.4687189856087137 0.4687189856087137 
0.838 0.4651980135213862 0.4651980135213862 0.4651980135213862 0.4651980135213862 
0.839 0.4616738059189424 0.4616738059189424 0.4616738059189424 0.4616738059189424 
0.84 0.45814655909392993 0.45814655909392993 0.45814655909392993 0.45814655909392993 
0.841 0.45461647116019527 0.45461647116019527 0.45461647116019527 0.45461647116019527 
0.842 0.45108374206035673 0.45108374206035673 0.45108374206035673 0.45108374206035673 
0.843 0.4475485735733416 0.4475485735733416 0.4475485735733416 0.4475485735733416 
0.844 0.44401116932192786 0.44401116932192786 0.44401116932192786 0.44401116932192786 
0.845 0.4404717347803521 0.4404717347803521 0.4404717347803521 0.4404717347803521 
0.846 0.436930477281953 0.436930477281953 0.436930477281953 0.436930477281953 
0.847 0.43338760602685444 0.43338760602685444 0.43338760602685444 0.43338760602685444 
0.848 0.42984333208968817 0.42984333208968817 0.42984333208968817 0.42984333208968817 
0.849 0.4262978684273532 0.4262978684273532 0.4262978684273532 0.4262978684273532 
0.85 0.4227514298868325 0.4227514298868325 0.4227514298868325 0.4227514298868325 
0.851 0.4192042332130199 0.4192042332130199 0.4192042332130199 0.4192042332130199 
0.852 0.41565649705660507 0.41565649705660507 0.41565649705660507 0.41565649705660507 
0.853 0.4121084419819943 0.4121084419819943 0.4121084419819943 0.4121084419819943 
0.854 0.40856029047526565 0.40856029047526565 0.40856029047526565 0.40856029047526565 
0.855 0.40501226695216275 0.40501226695216275 0.40501226695216275 0.40501226695216275 
0.856 0.40146459776612253 0.40146459776612253 0.40146459776612253 0.40146459776612253 
0.857 0.397917511216355 0.397917511216355 0.397917511216355 0.397917511216355 
0.858 0.39437123755592995 0.39437123755592995 0.39437123755592995 0.39437123755592995 
0.859 0.3908260089999214 0.3908260089999214 0.3908260089999214 0.3908260089999214 
0.86 0.38728205973357777 0.38728205973357777 0.38728205973357777 0.38728205973357777 
0.861 0.3837396259205275 0.3837396259205275 0.3837396259205275 0.3837396259205275 
0.862 0.38019894571101737 0.38019894571101737 0.38019894571101737 0.38019894571101737 
0.863 0.3766602592501825 0.3766602592501825 0.3766602592501825 0.3766602592501825 
0.864 0.3731238086863435 0.3731238086863435 0.3731238086863435 0.3731238086863435 
0.865 0.3695898381793505 0.3695898381793505 0.3695898381793505 0.3695898381793505 
0.866 0.3660585939089317 0.3660585939089317 0.3660585939089317 0.3660585939089317 
0.867 0.36253032408308733 0.36253032408308733 0.36253032408308733 0.36253032408308733 
0.868 0.3590052789465082 0.3590052789465082 0.3590052789465082 0.3590052789465082 
0.869 0.3554837107890188 0.3554837107890188 0.3554837107890188 0.3554837107890188 
0.87 0.3519658739540484 0.3519658739540484 0.3519658739540484 0.3519658739540484 
0.871 0.3484520248471239 0.3484520248471239 0.3484520248471239 0.3484520248471239 
0.872 0.34494242194438574 0.34494242194438574 0.34494242194438574 0.34494242194438574 
0.873 0.3414373258011383 0.3414373258011383 0.3414373258011383 0.3414373258011383 
0.874 0.33793699906039854 0.33793699906039854 0.33793699906039854 0.33793699906039854 
0.875 0.33444170646148175 0.33444170646148175 0.33444170646148175 0.33444170646148175 
0.876 0.33095171484860203 0.33095171484860203 0.33095171484860203 0.33095171484860203 
0.877 0.3274672931794863 0.3274672931794863 0.3274672931794863 0.3274672931794863 
0.878 0.3239887125340089 0.3239887125340089 0.3239887125340089 0.3239887125340089 
0.879 0.3205162461228372 0.3205162461228372 0.3205162461228372 0.3205162461228372 
0.88 0.3170501692960864 0.3170501692960864 0.3170501692960864 0.3170501692960864 
0.881 0.3135907595520045 0.3135907595520045 0.3135907595520045 0.3135907595520045 
0.882 0.31013829654563735 0.31013829654563735 0.31013829654563735 0.31013829654563735 
0.883 0.3066930620975226 0.3066930620975226 0.3066930620975226 0.3066930620975226 
0.884 0.30325534020238465 0.30325534020238465 0.30325534020238465 0.30325534020238465 
0.885 0.2998254170378331 0.2998254170378331 0.2998254170378331 0.2998254170378331 
0.886 0.2964035809730656 0.2964035809730656 0.2964035809730656 0.2964035809730656 
0.887 0.2929901225775703 0.2929901225775703 0.2929901225775703 0.2929901225775703 
0.888 0.2895853346298278 0.2895853346298278 0.2895853346298278 0.2895853346298278 
0.889 0.28618951212600985 0.28618951212600985 0.28618951212600985 0.28618951212600985 
0.89 0.28280295228867014 0.28280295228867014 0.28280295228867014 0.28280295228867014 
0.891 0.279425954575442 0.279425954575442 0.279425954575442 0.279425954575442 
0.892 0.2760588206877035 0.2760588206877035 0.2760588206877035 0.2760588206877035 
0.893 0.27270185457924767 0.27270185457924767 0.27270185457924767 0.27270185457924767 
0.894 0.269355362464935 0.269355362464935 0.269355362464935 0.269355362464935 
0.895 0.2660196528293294 0.2660196528293294 0.2660196528293294 0.2660196528293294 
0.896 0.26269503643531505 0.26269503643531505 0.26269503643531505 0.26269503643531505 
0.897 0.2593818263326934 0.2593818263326934 0.2593818263326934 0.2593818263326934 
0.898 0.2560803378667553 0.2560803378667553 0.2560803378667553 0.2560803378667553 
0.899 0.25279088868682864 0.25279088868682864 0.25279088868682864 0.25279088868682864 
0.9 0.24951379875479102 0.24951379875479102 0.24951379875479102 0.24951379875479102 
0.901 0.24624939035356844 0.24624939035356844 0.24624939035356844 0.24624939035356844 
0.902 0.24299798809557416 0.24299798809557416 0.24299798809557416 0.24299798809557416 
0.903 0.2397599189311275 0.2397599189311275 0.2397599189311275 0.2397599189311275 
0.904 0.23653551215682878 0.23653551215682878 0.23653551215682878 0.23653551215682878 
0.905 0.23332509942388888 0.23332509942388888 0.23332509942388888 0.23332509942388888 
0.906 0.23012901474641437 0.23012901474641437 0.23012901474641437 0.23012901474641437 
0.907 0.2269475945096418 0.2269475945096418 0.2269475945096418 0.2269475945096418 
0.908 0.22378117747812035 0.22378117747812035 0.22378117747812035 0.22378117747812035 
0.909 0.22063010480383666 0.22063010480383666 0.22063010480383666 0.22063010480383666 
0.91 0.21749472003428164 0.21749472003428164 0.21749472003428164 0.21749472003428164 
0.911 0.21437536912044977 0.21437536912044977 0.21437536912044977 0.21437536912044977 
0.912 0.21127240042478673 0.21127240042478673 0.21127240042478673 0.21127240042478673 
0.913 0.20818616472904314 0.20818616472904314 0.20818616472904314 0.20818616472904314 
0.914 0.20511701524207193 0.20511701524207193 0.20511701524207193 0.20511701524207193 
0.915 0.20206530760754168 0.20206530760754168 0.20206530760754168 0.20206530760754168 
0.916 0.19903139991157023 0.19903139991157023 0.19903139991157023 0.19903139991157023 
0.917 0.1960156526902715 0.1960156526902715 0.1960156526902715 0.1960156526902715 
0.918 0.19301842893721238 0.19301842893721238 0.19301842893721238 0.19301842893721238 
0.919 0.19004009411077688 0.19004009411077688 0.19004009411077688 0.19004009411077688 
0.92 0.18708101614143158 0.18708101614143158 0.18708101614143158 0.18708101614143158 
0.921 0.18414156543888932 0.18414156543888932 0.18414156543888932 0.18414156543888932 
0.922 0.18122211489916526 0.18122211489916526 0.18122211489916526 0.18122211489916526 
0.923 0.17832303991152335 0.17832303991152335 0.17832303991152335 0.17832303991152335 
0.924 0.17544471836530348 0.17544471836530348 0.17544471836530348 0.17544471836530348 
0.925 0.17258753065663965 0.17258753065663965 0.17258753065663965 0.17258753065663965 
0.926 0.169751859695036 0.169751859695036 0.169751859695036 0.169751859695036 
0.927 0.1669380909098256 0.1669380909098256 0.1669380909098256 0.1669380909098256 
0.928 0.16414661225649127 0.16414661225649127 0.16414661225649127 0.16414661225649127 
0.929 0.16137781422284764 0.16137781422284764 0.16137781422284764 0.16137781422284764 
0.93 0.15863208983507726 0.15863208983507726 0.15863208983507726 0.15863208983507726 
0.931 0.15590983466361885 0.15590983466361885 0.15590983466361885 0.15590983466361885 
0.932 0.15321144682889995 0.15321144682889995 0.15321144682889995 0.15321144682889995 
0.933 0.15053732700691017 0.15053732700691017 0.15053732700691017 0.15053732700691017 
0.934 0.14788787843460866 0.14788787843460866 0.14788787843460866 0.14788787843460866 
0.935 0.14526350691516143 0.14526350691516143 0.14526350691516143 0.14526350691516143 
0.936 0.1426646208230026 0.1426646208230026 0.1426646208230026 0.1426646208230026 
0.937 0.14009163110871134 0.14009163110871134 0.14009163110871134 0.14009163110871134 
0.938 0.13754495130371167 0.13754495130371167 0.13754495130371167 0.13754495130371167 
0.939 0.1350249975247639 0.1350249975247639 0.1350249975247639 0.1350249975247639 
0.94 0.13253218847826811 0.13253218847826811 0.13253218847826811 0.13253218847826811 
0.941 0.13006694546436032 0.13006694546436032 0.13006694546436032 0.13006694546436032 
0.942 0.12762969238079883 0.12762969238079883 0.12762969238079883 0.12762969238079883 
0.943 0.1252208557266334 0.1252208557266334 0.1252208557266334 0.1252208557266334 
0.944 0.1228408646056528 0.1228408646056528 0.1228408646056528 0.1228408646056528 
0.945 0.12049015072960352 0.12049015072960352 0.12049015072960352 0.12049015072960352 
0.946 0.1181691484211745 0.1181691484211745 0.1181691484211745 0.1181691484211745 
0.947 0.1158782946167406 0.1158782946167406 0.1158782946167406 0.1158782946167406 
0.948 0.11361802886885936 0.11361802886885936 0.11361802886885936 0.11361802886885936 
0.949 0.11138879334851498 0.11138879334851498 0.11138879334851498 0.11138879334851498 
0.95 0.10919103284710184 0.10919103284710184 0.10919103284710184 0.10919103284710184 
0.951 0.10702519477814326 0.10702519477814326 0.10702519477814326 0.10702519477814326 
0.952 0.10489172917873499 0.10489172917873499 0.10489172917873499 0.10489172917873499 
0.953 0.10279108871071804 0.10279108871071804 0.10279108871071804 0.10279108871071804 
0.954 0.10072372866155375 0.10072372866155375 0.10072372866155375 0.10072372866155375 
0.955 0.09869010694491638 0.09869010694491638 0.09869010694491638 0.09869010694491638 
0.956 0.09669068410098365 0.09669068410098365 0.09669068410098365 0.09669068410098365 
0.957 0.09472592329642336 0.09472592329642336 0.09472592329642336 0.09472592329642336 
0.958 0.09279629032406789 0.09279629032406789 0.09279629032406789 0.09279629032406789 
0.959 0.09090225360226982 0.09090225360226982 0.09090225360226982 0.09090225360226982 
0.96 0.08904428417393324 0.08904428417393324 0.08904428417393324 0.08904428417393324 
0.961 0.08722285570521274 0.08722285570521274 0.08722285570521274 0.08722285570521274 
0.962 0.08543844448387423 0.08543844448387423 0.08543844448387423 0.08543844448387423 
0.963 0.08369152941731035 0.08369152941731035 0.08369152941731035 0.08369152941731035 
0.964 0.08198259203020411 0.08198259203020411 0.08198259203020411 0.08198259203020411 
0.965 0.08031211646183324 0.08031211646183324 0.08031211646183324 0.08031211646183324 
0.966 0.07868058946300967 0.07868058946300967 0.07868058946300967 0.07868058946300967 
0.967 0.07708850039264512 0.07708850039264512 0.07708850039264512 0.07708850039264512 
0.968 0.075536341213943 0.075536341213943 0.075536341213943 0.075536341213943 
0.969 0.07402460649019546 0.07402460649019546 0.07402460649019546 0.07402460649019546 
0.97 0.0725537933801948 0.0725537933801948 0.0725537933801948 0.0725537933801948 
0.971 0.07112440163324303 0.07112440163324303 0.07112440163324303 0.07112440163324303 
0.972 0.06973693358375574 0.06973693358375574 0.06973693358375574 0.06973693358375574 
0.973 0.06839189414545235 0.06839189414545235 0.06839189414545235 0.06839189414545235 
0.974 0.06708979080512745 0.06708979080512745 0.06708979080512745 0.06708979080512745 
0.975 0.06583113361599434 0.06583113361599434 0.06583113361599434 0.06583113361599434 
0.976 0.0646164351905968 0.0646164351905968 0.0646164351905968 0.0646164351905968 
0.977 0.06344621069327924 0.06344621069327924 0.06344621069327924 0.06344621069327924 
0.978 0.06232097783221112 0.06232097783221112 0.06232097783221112 0.06232097783221112 
0.979 0.06124125685095674 0.06124125685095674 0.06124125685095674 0.06124125685095674 
0.98 0.060207570519585696 0.060207570519585696 0.060207570519585696 0.060207570519585696 
0.981 0.05922044412531507 0.05922044412531507 0.05922044412531507 0.05922044412531507 
0.982 0.058280405462677196 0.058280405462677196 0.058280405462677196 0.058280405462677196 
0.983 0.05738798482321032 0.05738798482321032 0.05738798482321032 0.05738798482321032 
0.984 0.056543714984655255 0.056543714984655255 0.056543714984655255 0.056543714984655255 
0.985 0.05574813119966185 0.05574813119966185 0.05574813119966185 0.05574813119966185 
0.986 0.05500177118399289 0.05500177118399289 0.05500177118399289 0.05500177118399289 
0.987 0.054305175104219956 0.054305175104219956 0.054305175104219956 0.054305175104219956 
0.988 0.053658885564902704 0.053658885564902704 0.053658885564902704 0.053658885564902704 
0.989 0.053063447595246616 0.053063447595246616 0.053063447595246616 0.053063447595246616 
0.99 0.05251940863523034 0.05251940863523034 0.05251940863523034 0.05251940863523034 
0.991 0.052027318521196866 0.052027318521196866 0.052027318521196866 0.052027318521196866 
0.992 0.05158772947089936 0.05158772947089936 0.05158772947089936 0.05158772947089936 
0.993 0.05120119606799633 0.05120119606799633 0.05120119606799633 0.05120119606799633 
0.994 0.050868275245986944 0.050868275245986944 0.050868275245986944 0.050868275245986944 
0.995 0.05058952627157897 0.05058952627157897 0.05058952627157897 0.05058952627157897 
0.996 0.050365510727482764 0.050365510727482764 0.050365510727482764 0.050365510727482764 
0.997 0.050196792494620966 0.050196792494620966 0.050196792494620966 0.050196792494620966 
0.998 0.050083937733747565 0.050083937733747565 0.050083937733747565 0.050083937733747565 
0.999 0.05002751486646707 0.05002751486646707 0.05002751486646707 0.05002751486646707 
1.0 0.0500280945556445 0.0500280945556445 0.0500280945556445 0.0500280945556445 
