0.0 0.0 0.0 0.0 0.0 
0.001 8.950577518734848e-11 8.950577518734848e-11 8.950577518734848e-11 8.950577518734848e-11 
0.002 4.4675288381895717e-10 4.4675288381895717e-10 4.4675288381895717e-10 4.4675288381895717e-10 
0.003 1.2482483779246989e-09 1.2482483779246989e-09 1.2482483779246989e-09 1.2482483779246989e-09 
0.004 2.6688170614436167e-09 2.6688170614436167e-09 2.6688170614436167e-09 2.6688170614436167e-09 
0.005 4.881646449919615e-09 4.881646449919615e-09 4.881646449919615e-09 4.881646449919615e-09 
0.006 8.058330528901141e-09 8.058330528901141e-09 8.058330528901141e-09 8.058330528901141e-09 
0.007 1.2368912342269877e-08 1.2368912342269877e-08 1.2368912342269877e-08 1.2368912342269877e-08 
0.008 1.7981925455601272e-08 1.7981925455601272e-08 1.7981925455601272e-08 1.7981925455601272e-08 
0.009 2.506443437869097e-08 2.506443437869097e-08 2.506443437869097e-08 2.506443437869097e-08 
0.01 3.378207393683884e-08 3.378207393683884e-08 3.378207393683884e-08 3.378207393683884e-08 
0.011 4.4299087714055845e-08 4.4299087714055845e-08 4.4299087714055845e-08 4.4299087714055845e-08 
0.012 5.6778365530030186e-08 5.6778365530030186e-08 5.6778365530030186e-08 5.6778365530030186e-08 
0.013 7.138148004626193e-08 7.138148004626193e-08 7.138148004626193e-08 7.138148004626193e-08 
0.014 8.82687225256528e-08 8.82687225256528e-08 8.82687225256528e-08 8.82687225256528e-08 
0.015 1.0759913784269539e-07 1.0759913784269539e-07 1.0759913784269539e-07 1.0759913784269539e-07 
0.016 1.295305584944616e-07 1.295305584944616e-07 1.295305584944616e-07 1.295305584944616e-07 
0.017 1.54219638261177e-07 1.54219638261177e-07 1.54219638261177e-07 1.54219638261177e-07 
0.018 1.8182188476351097e-07 1.8182188476351097e-07 1.8182188476351097e-07 1.8182188476351097e-07 
0.019 2.1249169159659435e-07 2.1249169159659435e-07 2.1249169159659435e-07 2.1249169159659435e-07 
0.02 2.4638236978402585e-07 2.4638236978402585e-07 2.4638236978402585e-07 2.4638236978402585e-07 
0.021 2.836461785310492e-07 2.836461785310492e-07 2.836461785310492e-07 2.836461785310492e-07 
0.022 3.2443435545037533e-07 3.2443435545037533e-07 3.2443435545037533e-07 3.2443435545037533e-07 
0.023 3.6889714633697644e-07 3.6889714633697644e-07 3.6889714633697644e-07 3.6889714633697644e-07 
0.024 4.17183834117151e-07 4.17183834117151e-07 4.17183834117151e-07 4.17183834117151e-07 
0.025 4.694427677073832e-07 4.694427677073832e-07 4.694427677073832e-07 4.694427677073832e-07 
0.026 5.258213900544139e-07 5.258213900544139e-07 5.258213900544139e-07 5.258213900544139e-07 
0.027 5.864662658006102e-07 5.864662658006102e-07 5.864662658006102e-07 5.864662658006102e-07 
0.028 6.515231086162683e-07 6.515231086162683e-07 6.515231086162683e-07 6.515231086162683e-07 
0.029 7.211368081433395e-07 7.211368081433395e-07 7.211368081433395e-07 7.211368081433395e-07 
0.03 7.95451456259142e-07 7.95451456259142e-07 7.95451456259142e-07 7.95451456259142e-07 
0.031 8.746103733331377e-07 8.746103733331377e-07 8.746103733331377e-07 8.746103733331377e-07 
0.032 9.587561339008374e-07 9.587561339008374e-07 9.587561339008374e-07 9.587561339008374e-07 
0.033 1.0480305920879087e-06 1.0480305920879087e-06 1.0480305920879087e-06 1.0480305920879087e-06 
0.034 1.142574906756729e-06 1.142574906756729e-06 1.142574906756729e-06 1.142574906756729e-06 
0.035 1.2425295661533348e-06 1.2425295661533348e-06 1.2425295661533348e-06 1.2425295661533348e-06 
0.036 1.3480344126653956e-06 1.3480344126653956e-06 1.3480344126653956e-06 1.3480344126653956e-06 
0.037 1.459228666816909e-06 1.459228666816909e-06 1.459228666816909e-06 1.459228666816909e-06 
0.038 1.5762509514155532e-06 1.5762509514155532e-06 1.5762509514155532e-06 1.5762509514155532e-06 
0.039 1.6992393153253343e-06 1.6992393153253343e-06 1.6992393153253343e-06 1.6992393153253343e-06 
0.04 1.8283312570171951e-06 1.8283312570171951e-06 1.8283312570171951e-06 1.8283312570171951e-06 
0.041 1.9636637478420637e-06 1.9636637478420637e-06 1.9636637478420637e-06 1.9636637478420637e-06 
0.042 2.1053732553177808e-06 2.1053732553177808e-06 2.1053732553177808e-06 2.1053732553177808e-06 
0.043 2.253595766013574e-06 2.253595766013574e-06 2.253595766013574e-06 2.253595766013574e-06 
0.044 2.408466808295752e-06 2.408466808295752e-06 2.408466808295752e-06 2.408466808295752e-06 
0.045 2.570121475128907e-06 2.570121475128907e-06 2.570121475128907e-06 2.570121475128907e-06 
0.046 2.7386944465856865e-06 2.7386944465856865e-06 2.7386944465856865e-06 2.7386944465856865e-06 
0.047 2.9143200123149395e-06 2.9143200123149395e-06 2.9143200123149395e-06 2.9143200123149395e-06 
0.048 3.097132093468609e-06 3.097132093468609e-06 3.097132093468609e-06 3.097132093468609e-06 
0.049 3.2872642653780487e-06 3.2872642653780487e-06 3.2872642653780487e-06 3.2872642653780487e-06 
0.05 3.484849779244997e-06 3.484849779244997e-06 3.484849779244997e-06 3.484849779244997e-06 
0.051 3.690021584401551e-06 3.690021584401551e-06 3.690021584401551e-06 3.690021584401551e-06 
0.052 3.90291235002891e-06 3.90291235002891e-06 3.90291235002891e-06 3.90291235002891e-06 
0.053 4.123654487125905e-06 4.123654487125905e-06 4.123654487125905e-06 4.123654487125905e-06 
0.054 4.352380170380398e-06 4.352380170380398e-06 4.352380170380398e-06 4.352380170380398e-06 
0.055 4.589221359957405e-06 4.589221359957405e-06 4.589221359957405e-06 4.589221359957405e-06 
0.056 4.834309822981916e-06 4.834309822981916e-06 4.834309822981916e-06 4.834309822981916e-06 
0.057 5.087777155549062e-06 5.087777155549062e-06 5.087777155549062e-06 5.087777155549062e-06 
0.058 5.349754804206934e-06 5.349754804206934e-06 5.349754804206934e-06 5.349754804206934e-06 
0.059 5.620374087800218e-06 5.620374087800218e-06 5.620374087800218e-06 5.620374087800218e-06 
0.06 5.899766219202817e-06 5.899766219202817e-06 5.899766219202817e-06 5.899766219202817e-06 
0.061 6.1880623267173895e-06 6.1880623267173895e-06 6.1880623267173895e-06 6.1880623267173895e-06 
0.062 6.485393476168792e-06 6.485393476168792e-06 6.485393476168792e-06 6.485393476168792e-06 
0.063 6.791890692414659e-06 6.791890692414659e-06 6.791890692414659e-06 6.791890692414659e-06 
0.064 7.1076849812167856e-06 7.1076849812167856e-06 7.1076849812167856e-06 7.1076849812167856e-06 
0.065 7.432907351279053e-06 7.432907351279053e-06 7.432907351279053e-06 7.432907351279053e-06 
0.066 7.767688835535968e-06 7.767688835535968e-06 7.767688835535968e-06 7.767688835535968e-06 
0.067 8.112160513773446e-06 8.112160513773446e-06 8.112160513773446e-06 8.112160513773446e-06 
0.068 8.466453534222646e-06 8.466453534222646e-06 8.466453534222646e-06 8.466453534222646e-06 
0.069 8.830699135819957e-06 8.830699135819957e-06 8.830699135819957e-06 8.830699135819957e-06 
0.07 9.205028670355931e-06 9.205028670355931e-06 9.205028670355931e-06 9.205028670355931e-06 
0.071 9.589573624596491e-06 9.589573624596491e-06 9.589573624596491e-06 9.589573624596491e-06 
0.072 9.984465642820442e-06 9.984465642820442e-06 9.984465642820442e-06 9.984465642820442e-06 
0.073 1.0389836549190485e-05 1.0389836549190485e-05 1.0389836549190485e-05 1.0389836549190485e-05 
0.074 1.0805818370235223e-05 1.0805818370235223e-05 1.0805818370235223e-05 1.0805818370235223e-05 
0.075 1.1232543357636476e-05 1.1232543357636476e-05 1.1232543357636476e-05 1.1232543357636476e-05 
0.076 1.1670144011266433e-05 1.1670144011266433e-05 1.1670144011266433e-05 1.1670144011266433e-05 
0.077 1.2118753101614141e-05 1.2118753101614141e-05 1.2118753101614141e-05 1.2118753101614141e-05 
0.078 1.2578503693405506e-05 1.2578503693405506e-05 1.2578503693405506e-05 1.2578503693405506e-05 
0.079 1.3049529168446134e-05 1.3049529168446134e-05 1.3049529168446134e-05 1.3049529168446134e-05 
0.08 1.3531963249185791e-05 1.3531963249185791e-05 1.3531963249185791e-05 1.3531963249185791e-05 
0.081 1.4025940022477224e-05 1.4025940022477224e-05 1.4025940022477224e-05 1.4025940022477224e-05 
0.082 1.4531593962752016e-05 1.4531593962752016e-05 1.4531593962752016e-05 1.4531593962752016e-05 
0.083 1.5049059956334493e-05 1.5049059956334493e-05 1.5049059956334493e-05 1.5049059956334493e-05 
0.084 1.5578473325561338e-05 1.5578473325561338e-05 1.5578473325561338e-05 1.5578473325561338e-05 
0.085 1.611996985298441e-05 1.611996985298441e-05 1.611996985298441e-05 1.611996985298441e-05 
0.086 1.6673685805712415e-05 1.6673685805712415e-05 1.6673685805712415e-05 1.6673685805712415e-05 
0.087 1.723975796003011e-05 1.723975796003011e-05 1.723975796003011e-05 1.723975796003011e-05 
0.088 1.781832362654481e-05 1.781832362654481e-05 1.781832362654481e-05 1.781832362654481e-05 
0.089 1.8409520675166444e-05 1.8409520675166444e-05 1.8409520675166444e-05 1.8409520675166444e-05 
0.09 1.901348756061494e-05 1.901348756061494e-05 1.901348756061494e-05 1.901348756061494e-05 
0.091 1.963036334753897e-05 1.963036334753897e-05 1.963036334753897e-05 1.963036334753897e-05 
0.092 2.0260287736828287e-05 2.0260287736828287e-05 2.0260287736828287e-05 2.0260287736828287e-05 
0.093 2.090340109131536e-05 2.090340109131536e-05 2.090340109131536e-05 2.090340109131536e-05 
0.094 2.1559844462420728e-05 2.1559844462420728e-05 2.1559844462420728e-05 2.1559844462420728e-05 
0.095 2.222975961660407e-05 2.222975961660407e-05 2.222975961660407e-05 2.222975961660407e-05 
0.096 2.291328906195406e-05 2.291328906195406e-05 2.291328906195406e-05 2.291328906195406e-05 
0.097 2.3610576075888394e-05 2.3610576075888394e-05 2.3610576075888394e-05 2.3610576075888394e-05 
0.098 2.4321764731993465e-05 2.4321764731993465e-05 2.4321764731993465e-05 2.4321764731993465e-05 
0.099 2.5046999928196278e-05 2.5046999928196278e-05 2.5046999928196278e-05 2.5046999928196278e-05 
0.1 2.578642741468652e-05 2.578642741468652e-05 2.578642741468652e-05 2.578642741468652e-05 
0.101 2.6540193821949725e-05 2.6540193821949725e-05 2.6540193821949725e-05 2.6540193821949725e-05 
0.102 2.7308446689966107e-05 2.7308446689966107e-05 2.7308446689966107e-05 2.7308446689966107e-05 
0.103 2.809133449690991e-05 2.809133449690991e-05 2.809133449690991e-05 2.809133449690991e-05 
0.104 2.8889006688348125e-05 2.8889006688348125e-05 2.8889006688348125e-05 2.8889006688348125e-05 
0.105 2.9701613707299907e-05 2.9701613707299907e-05 2.9701613707299907e-05 2.9701613707299907e-05 
0.106 3.052930702396278e-05 3.052930702396278e-05 3.052930702396278e-05 3.052930702396278e-05 
0.107 3.137223916643798e-05 3.137223916643798e-05 3.137223916643798e-05 3.137223916643798e-05 
0.108 3.223056375115065e-05 3.223056375115065e-05 3.223056375115065e-05 3.223056375115065e-05 
0.109 3.3104435514296874e-05 3.3104435514296874e-05 3.3104435514296874e-05 3.3104435514296874e-05 
0.11 3.3994010343540525e-05 3.3994010343540525e-05 3.3994010343540525e-05 3.3994010343540525e-05 
0.111 3.489944530965468e-05 3.489944530965468e-05 3.489944530965468e-05 3.489944530965468e-05 
0.112 3.5820898699078845e-05 3.5820898699078845e-05 3.5820898699078845e-05 3.5820898699078845e-05 
0.113 3.675853004664279e-05 3.675853004664279e-05 3.675853004664279e-05 3.675853004664279e-05 
0.114 3.771250016915084e-05 3.771250016915084e-05 3.771250016915084e-05 3.771250016915084e-05 
0.115 3.868297119852203e-05 3.868297119852203e-05 3.868297119852203e-05 3.868297119852203e-05 
0.116 3.9670106616595494e-05 3.9670106616595494e-05 3.9670106616595494e-05 3.9670106616595494e-05 
0.117 4.0674071289547525e-05 4.0674071289547525e-05 4.0674071289547525e-05 4.0674071289547525e-05 
0.118 4.169503150241941e-05 4.169503150241941e-05 4.169503150241941e-05 4.169503150241941e-05 
0.119 4.27331549956993e-05 4.27331549956993e-05 4.27331549956993e-05 4.27331549956993e-05 
0.12 4.378861100090491e-05 4.378861100090491e-05 4.378861100090491e-05 4.378861100090491e-05 
0.121 4.486157027699872e-05 4.486157027699872e-05 4.486157027699872e-05 4.486157027699872e-05 
0.122 4.595220514819125e-05 4.595220514819125e-05 4.595220514819125e-05 4.595220514819125e-05 
0.123 4.706068954080023e-05 4.706068954080023e-05 4.706068954080023e-05 4.706068954080023e-05 
0.124 4.818719902244171e-05 4.818719902244171e-05 4.818719902244171e-05 4.818719902244171e-05 
0.125 4.933191084022154e-05 4.933191084022154e-05 4.933191084022154e-05 4.933191084022154e-05 
0.126 5.04950039600374e-05 5.04950039600374e-05 5.04950039600374e-05 5.04950039600374e-05 
0.127 5.167665910721288e-05 5.167665910721288e-05 5.167665910721288e-05 5.167665910721288e-05 
0.128 5.287705880641e-05 5.287705880641e-05 5.287705880641e-05 5.287705880641e-05 
0.129 5.409638742342923e-05 5.409638742342923e-05 5.409638742342923e-05 5.409638742342923e-05 
0.13 5.533483120645406e-05 5.533483120645406e-05 5.533483120645406e-05 5.533483120645406e-05 
0.131 5.6592578329405385e-05 5.6592578329405385e-05 5.6592578329405385e-05 5.6592578329405385e-05 
0.132 5.7869818934074414e-05 5.7869818934074414e-05 5.7869818934074414e-05 5.7869818934074414e-05 
0.133 5.9166745175253225e-05 5.9166745175253225e-05 5.9166745175253225e-05 5.9166745175253225e-05 
0.134 6.048355126403346e-05 6.048355126403346e-05 6.048355126403346e-05 6.048355126403346e-05 
0.135 6.182043351365855e-05 6.182043351365855e-05 6.182043351365855e-05 6.182043351365855e-05 
0.136 6.317759038609762e-05 6.317759038609762e-05 6.317759038609762e-05 6.317759038609762e-05 
0.137 6.455522253784207e-05 6.455522253784207e-05 6.455522253784207e-05 6.455522253784207e-05 
0.138 6.595353286808933e-05 6.595353286808933e-05 6.595353286808933e-05 6.595353286808933e-05 
0.139 6.737272656670451e-05 6.737272656670451e-05 6.737272656670451e-05 6.737272656670451e-05 
0.14 6.88130111637918e-05 6.88130111637918e-05 6.88130111637918e-05 6.88130111637918e-05 
0.141 7.027459657887744e-05 7.027459657887744e-05 7.027459657887744e-05 7.027459657887744e-05 
0.142 7.175769517292355e-05 7.175769517292355e-05 7.175769517292355e-05 7.175769517292355e-05 
0.143 7.326252179878793e-05 7.326252179878793e-05 7.326252179878793e-05 7.326252179878793e-05 
0.144 7.478929385462552e-05 7.478929385462552e-05 7.478929385462552e-05 7.478929385462552e-05 
0.145 7.633823133656878e-05 7.633823133656878e-05 7.633823133656878e-05 7.633823133656878e-05 
0.146 7.790955689412762e-05 7.790955689412762e-05 7.790955689412762e-05 7.790955689412762e-05 
0.147 7.950349588436844e-05 7.950349588436844e-05 7.950349588436844e-05 7.950349588436844e-05 
0.148 8.112027642947902e-05 8.112027642947902e-05 8.112027642947902e-05 8.112027642947902e-05 
0.149 8.276012947272383e-05 8.276012947272383e-05 8.276012947272383e-05 8.276012947272383e-05 
0.15 8.442328883828519e-05 8.442328883828519e-05 8.442328883828519e-05 8.442328883828519e-05 
0.151 8.610999128905011e-05 8.610999128905011e-05 8.610999128905011e-05 8.610999128905011e-05 
0.152 8.78204765881169e-05 8.78204765881169e-05 8.78204765881169e-05 8.78204765881169e-05 
0.153 8.95549875603568e-05 8.95549875603568e-05 8.95549875603568e-05 8.95549875603568e-05 
0.154 9.131377015436473e-05 9.131377015436473e-05 9.131377015436473e-05 9.131377015436473e-05 
0.155 9.30970735067409e-05 9.30970735067409e-05 9.30970735067409e-05 9.30970735067409e-05 
0.156 9.4905150007261e-05 9.4905150007261e-05 9.4905150007261e-05 9.4905150007261e-05 
0.157 9.67382553644905e-05 9.67382553644905e-05 9.67382553644905e-05 9.67382553644905e-05 
0.158 9.859664867373022e-05 9.859664867373022e-05 9.859664867373022e-05 9.859664867373022e-05 
0.159 0.00010048059248596108 0.00010048059248596108 0.00010048059248596108 0.00010048059248596108 
0.16 0.00010239035287651146 0.00010239035287651146 0.00010239035287651146 0.00010239035287651146 
0.161 0.000104326199517888 0.000104326199517888 0.000104326199517888 0.000104326199517888 
0.162 0.00010628840575132919 0.00010628840575132919 0.00010628840575132919 0.00010628840575132919 
0.163 0.00010827724866180112 0.00010827724866180112 0.00010827724866180112 0.00010827724866180112 
0.164 0.00011029300915304843 0.00011029300915304843 0.00011029300915304843 0.00011029300915304843 
0.165 0.00011233597202475503 0.00011233597202475503 0.00011233597202475503 0.00011233597202475503 
0.166 0.00011440642605025947 0.00011440642605025947 0.00011440642605025947 0.00011440642605025947 
0.167 0.0001165046640574904 0.0001165046640574904 0.0001165046640574904 0.0001165046640574904 
0.168 0.00011863098301012363 0.00011863098301012363 0.00011863098301012363 0.00011863098301012363 
0.169 0.00012078568409084903 0.00012078568409084903 0.00012078568409084903 0.00012078568409084903 
0.17 0.00012296907278591405 0.00012296907278591405 0.00012296907278591405 0.00012296907278591405 
0.171 0.0001251814589721096 0.0001251814589721096 0.0001251814589721096 0.0001251814589721096 
0.172 0.0001274231570052547 0.0001274231570052547 0.0001274231570052547 0.0001274231570052547 
0.173 0.00012969448580895927 0.00012969448580895927 0.00012969448580895927 0.00012969448580895927 
0.174 0.0001319957689683264 0.0001319957689683264 0.0001319957689683264 0.0001319957689683264 
0.175 0.00013432733482199012 0.00013432733482199012 0.00013432733482199012 0.00013432733482199012 
0.176 0.0001366895165589824 0.0001366895165589824 0.0001366895165589824 0.0001366895165589824 
0.177 0.00013908265231598845 0.00013908265231598845 0.00013908265231598845 0.00013908265231598845 
0.178 0.00014150708527687863 0.00014150708527687863 0.00014150708527687863 0.00014150708527687863 
0.179 0.00014396316377445983 0.00014396316377445983 0.00014396316377445983 0.00014396316377445983 
0.18 0.00014645124139444848 0.00014645124139444848 0.00014645124139444848 0.00014645124139444848 
0.181 0.00014897167708138526 0.00014897167708138526 0.00014897167708138526 0.00014897167708138526 
0.182 0.00015152483524721514 0.00015152483524721514 0.00015152483524721514 0.00015152483524721514 
0.183 0.00015411108588119968 0.00015411108588119968 0.00015411108588119968 0.00015411108588119968 
0.184 0.00015673080466349255 0.00015673080466349255 0.00015673080466349255 0.00015673080466349255 
0.185 0.00015938437307993664 0.00015938437307993664 0.00015938437307993664 0.00015938437307993664 
0.186 0.00016207217854046933 0.00016207217854046933 0.00016207217854046933 0.00016207217854046933 
0.187 0.00016479461449852727 0.00016479461449852727 0.00016479461449852727 0.00016479461449852727 
0.188 0.00016755208057455819 0.00016755208057455819 0.00016755208057455819 0.00016755208057455819 
0.189 0.00017034498268192054 0.00017034498268192054 0.00017034498268192054 0.00017034498268192054 
0.19 0.00017317373315467024 0.00017317373315467024 0.00017317373315467024 0.00017317373315467024 
0.191 0.0001760387508788997 0.0001760387508788997 0.0001760387508788997 0.0001760387508788997 
0.192 0.00017894046142629793 0.00017894046142629793 0.00017894046142629793 0.00017894046142629793 
0.193 0.00018187929719215107 0.00018187929719215107 0.00018187929719215107 0.00018187929719215107 
0.194 0.00018485569753506434 0.00018485569753506434 0.00018485569753506434 0.00018485569753506434 
0.195 0.00018787010891962522 0.00018787010891962522 0.00018787010891962522 0.00018787010891962522 
0.196 0.000190922985062953 0.000190922985062953 0.000190922985062953 0.000190922985062953 
0.197 0.00019401478708480136 0.00019401478708480136 0.00019401478708480136 0.00019401478708480136 
0.198 0.00019714598365993578 0.00019714598365993578 0.00019714598365993578 0.00019714598365993578 
0.199 0.00020031705117511985 0.00020031705117511985 0.00020031705117511985 0.00020031705117511985 
0.2 0.00020352847388959726 0.00020352847388959726 0.00020352847388959726 0.00020352847388959726 
0.201 0.00020678074409796193 0.00020678074409796193 0.00020678074409796193 0.00020678074409796193 
0.202 0.0002100743622983014 0.0002100743622983014 0.0002100743622983014 0.0002100743622983014 
0.203 0.00021340983736350383 0.00021340983736350383 0.00021340983736350383 0.00021340983736350383 
0.204 0.00021678768671589655 0.00021678768671589655 0.00021678768671589655 0.00021678768671589655 
0.205 0.000220208436508212 0.000220208436508212 0.000220208436508212 0.000220208436508212 
0.206 0.0002236726218054424 0.0002236726218054424 0.0002236726218054424 0.0002236726218054424 
0.207 0.00022718078677407756 0.00022718078677407756 0.00022718078677407756 0.00022718078677407756 
0.208 0.00023073348487411747 0.00023073348487411747 0.00023073348487411747 0.00023073348487411747 
0.209 0.0002343312790559151 0.0002343312790559151 0.0002343312790559151 0.0002343312790559151 
0.21 0.00023797474196107126 0.00023797474196107126 0.00023797474196107126 0.00023797474196107126 
0.211 0.00024166445613032386 0.00024166445613032386 0.00024166445613032386 0.00024166445613032386 
0.212 0.00024540101421410154 0.00024540101421410154 0.00024540101421410154 0.00024540101421410154 
0.213 0.00024918501918829583 0.00024918501918829583 0.00024918501918829583 0.00024918501918829583 
0.214 0.00025301708457674954 0.00025301708457674954 0.00025301708457674954 0.00025301708457674954 
0.215 0.0002568978346784641 0.0002568978346784641 0.0002568978346784641 0.0002568978346784641 
0.216 0.00026082790479974683 0.00026082790479974683 0.00026082790479974683 0.00026082790479974683 
0.217 0.0002648079414915775 0.0002648079414915775 0.0002648079414915775 0.0002648079414915775 
0.218 0.0002688386027953551 0.0002688386027953551 0.0002688386027953551 0.0002688386027953551 
0.219 0.0002729205584921436 0.0002729205584921436 0.0002729205584921436 0.0002729205584921436 
0.22 0.0002770544903583561 0.0002770544903583561 0.0002770544903583561 0.0002770544903583561 
0.221 0.00028124109242993236 0.00028124109242993236 0.00028124109242993236 0.00028124109242993236 
0.222 0.00028548107126979174 0.00028548107126979174 0.00028548107126979174 0.00028548107126979174 
0.223 0.00028977514624522213 0.00028977514624522213 0.00028977514624522213 0.00028977514624522213 
0.224 0.00029412404980915516 0.00029412404980915516 0.00029412404980915516 0.00029412404980915516 
0.225 0.0002985285277919884 0.0002985285277919884 0.0002985285277919884 0.0002985285277919884 
0.226 0.0003029893396976817 0.0003029893396976817 0.0003029893396976817 0.0003029893396976817 
0.227 0.0003075072590086238 0.0003075072590086238 0.0003075072590086238 0.0003075072590086238 
0.228 0.0003120830734989388 0.0003120830734989388 0.0003120830734989388 0.0003120830734989388 
0.229 0.0003167175855550618 0.0003167175855550618 0.0003167175855550618 0.0003167175855550618 
0.23 0.0003214116125046426 0.0003214116125046426 0.0003214116125046426 0.0003214116125046426 
0.231 0.00032616598695372107 0.00032616598695372107 0.00032616598695372107 0.00032616598695372107 
0.232 0.00033098155713306044 0.00033098155713306044 0.00033098155713306044 0.00033098155713306044 
0.233 0.0003358591872535304 0.0003358591872535304 0.0003358591872535304 0.0003358591872535304 
0.234 0.0003407997578710366 0.0003407997578710366 0.0003407997578710366 0.0003407997578710366 
0.235 0.0003458041662598899 0.0003458041662598899 0.0003458041662598899 0.0003458041662598899 
0.236 0.00035087332679705304 0.00035087332679705304 0.00035087332679705304 0.00035087332679705304 
0.237 0.0003560081713569926 0.0003560081713569926 0.0003560081713569926 0.0003560081713569926 
0.238 0.0003612096497151336 0.0003612096497151336 0.0003612096497151336 0.0003612096497151336 
0.239 0.00036647872996369344 0.00036647872996369344 0.00036647872996369344 0.00036647872996369344 
0.24 0.000371816398938896 0.000371816398938896 0.000371816398938896 0.000371816398938896 
0.241 0.0003772236626581216 0.0003772236626581216 0.0003772236626581216 0.0003772236626581216 
0.242 0.0003827015467708804 0.0003827015467708804 0.0003827015467708804 0.0003827015467708804 
0.243 0.00038825109701960914 0.00038825109701960914 0.00038825109701960914 0.00038825109701960914 
0.244 0.0003938733797155141 0.0003938733797155141 0.0003938733797155141 0.0003938733797155141 
0.245 0.000399569482224959 0.000399569482224959 0.000399569482224959 0.000399569482224959 
0.246 0.00040534051347217344 0.00040534051347217344 0.00040534051347217344 0.00040534051347217344 
0.247 0.0004111876044527329 0.0004111876044527329 0.0004111876044527329 0.0004111876044527329 
0.248 0.00041711190876313344 0.00041711190876313344 0.00041711190876313344 0.00041711190876313344 
0.249 0.00042311460314507906 0.00042311460314507906 0.00042311460314507906 0.00042311460314507906 
0.25 0.0004291968880434797 0.0004291968880434797 0.0004291968880434797 0.0004291968880434797 
0.251 0.0004353599881822136 0.0004353599881822136 0.0004353599881822136 0.0004353599881822136 
0.252 0.0004416051531549867 0.0004416051531549867 0.0004416051531549867 0.0004416051531549867 
0.253 0.0004479336580315714 0.0004479336580315714 0.0004479336580315714 0.0004479336580315714 
0.254 0.00045434680398413746 0.00045434680398413746 0.00045434680398413746 0.00045434680398413746 
0.255 0.0004608459189291284 0.0004608459189291284 0.0004608459189291284 0.0004608459189291284 
0.256 0.00046743235818867647 0.00046743235818867647 0.00046743235818867647 0.00046743235818867647 
0.257 0.00047410750516989255 0.00047410750516989255 0.00047410750516989255 0.00047410750516989255 
0.258 0.00048087277206508463 0.00048087277206508463 0.00048087277206508463 0.00048087277206508463 
0.259 0.00048772960057140305 0.00048772960057140305 0.00048772960057140305 0.00048772960057140305 
0.26 0.000494679462631693 0.000494679462631693 0.000494679462631693 0.000494679462631693 
0.261 0.0005017238611974401 0.0005017238611974401 0.0005017238611974401 0.0005017238611974401 
0.262 0.0005088643310129763 0.0005088643310129763 0.0005088643310129763 0.0005088643310129763 
0.263 0.0005161024394237769 0.0005161024394237769 0.0005161024394237769 0.0005161024394237769 
0.264 0.0005234397872080187 0.0005234397872080187 0.0005234397872080187 0.0005234397872080187 
0.265 0.0005308780094333382 0.0005308780094333382 0.0005308780094333382 0.0005308780094333382 
0.266 0.0005384187763394602 0.0005384187763394602 0.0005384187763394602 0.0005384187763394602 
0.267 0.0005460637942460812 0.0005460637942460812 0.0005460637942460812 0.0005460637942460812 
0.268 0.0005538148064895651 0.0005538148064895651 0.0005538148064895651 0.0005538148064895651 
0.269 0.0005616735943858959 0.0005616735943858959 0.0005616735943858959 0.0005616735943858959 
0.27 0.0005696419782254915 0.0005696419782254915 0.0005696419782254915 0.0005696419782254915 
0.271 0.0005777218182961653 0.0005777218182961653 0.0005777218182961653 0.0005777218182961653 
0.272 0.0005859150159388345 0.0005859150159388345 0.0005859150159388345 0.0005859150159388345 
0.273 0.0005942235146341539 0.0005942235146341539 0.0005942235146341539 0.0005942235146341539 
0.274 0.0006026493011244495 0.0006026493011244495 0.0006026493011244495 0.0006026493011244495 
0.275 0.0006111944065689624 0.0006111944065689624 0.0006111944065689624 0.0006111944065689624 
0.276 0.0006198609077359492 0.0006198609077359492 0.0006198609077359492 0.0006198609077359492 
0.277 0.0006286509282321455 0.0006286509282321455 0.0006286509282321455 0.0006286509282321455 
0.278 0.0006375666397694725 0.0006375666397694725 0.0006375666397694725 0.0006375666397694725 
0.279 0.0006466102634742683 0.0006466102634742683 0.0006466102634742683 0.0006466102634742683 
0.28 0.0006557840712346556 0.0006557840712346556 0.0006557840712346556 0.0006557840712346556 
0.281 0.0006650903870940917 0.0006650903870940917 0.0006650903870940917 0.0006650903870940917 
0.282 0.0006745315886871659 0.0006745315886871659 0.0006745315886871659 0.0006745315886871659 
0.283 0.0006841101087223017 0.0006841101087223017 0.0006841101087223017 0.0006841101087223017 
0.284 0.0006938284365125323 0.0006938284365125323 0.0006938284365125323 0.0006938284365125323 
0.285 0.0007036891195550716 0.0007036891195550716 0.0007036891195550716 0.0007036891195550716 
0.286 0.0007136947651630069 0.0007136947651630069 0.0007136947651630069 0.0007136947651630069 
0.287 0.0007238480421501193 0.0007238480421501193 0.0007238480421501193 0.0007238480421501193 
0.288 0.0007341516825699364 0.0007341516825699364 0.0007341516825699364 0.0007341516825699364 
0.289 0.0007446084835146275 0.0007446084835146275 0.0007446084835146275 0.0007446084835146275 
0.29 0.0007552213089697968 0.0007552213089697968 0.0007552213089697968 0.0007552213089697968 
0.291 0.0007659930917350585 0.0007659930917350585 0.0007659930917350585 0.0007659930917350585 
0.292 0.0007769268354040638 0.0007769268354040638 0.0007769268354040638 0.0007769268354040638 
0.293 0.0007880256164158613 0.0007880256164158613 0.0007880256164158613 0.0007880256164158613 
0.294 0.0007992925861713689 0.0007992925861713689 0.0007992925861713689 0.0007992925861713689 
0.295 0.0008107309732240664 0.0008107309732240664 0.0008107309732240664 0.0008107309732240664 
0.296 0.0008223440855425753 0.0008223440855425753 0.0008223440855425753 0.0008223440855425753 
0.297 0.0008341353128535618 0.0008341353128535618 0.0008341353128535618 0.0008341353128535618 
0.298 0.0008461081290621889 0.0008461081290621889 0.0008461081290621889 0.0008461081290621889 
0.299 0.0008582660947573361 0.0008582660947573361 0.0008582660947573361 0.0008582660947573361 
0.3 0.0008706128598030251 0.0008706128598030251 0.0008706128598030251 0.0008706128598030251 
0.301 0.0008831521660198879 0.0008831521660198879 0.0008831521660198879 0.0008831521660198879 
0.302 0.0008958878499597782 0.0008958878499597782 0.0008958878499597782 0.0008958878499597782 
0.303 0.0009088238457791964 0.0009088238457791964 0.0009088238457791964 0.0009088238457791964 
0.304 0.0009219641882107457 0.0009219641882107457 0.0009219641882107457 0.0009219641882107457 
0.305 0.0009353130156419489 0.0009353130156419489 0.0009353130156419489 0.0009353130156419489 
0.306 0.0009488745733031387 0.0009488745733031387 0.0009488745733031387 0.0009488745733031387 
0.307 0.0009626532165675997 0.0009626532165675997 0.0009626532165675997 0.0009626532165675997 
0.308 0.0009766534143715528 0.0009766534143715528 0.0009766534143715528 0.0009766534143715528 
0.309 0.0009908797527549908 0.0009908797527549908 0.0009908797527549908 0.0009908797527549908 
0.31 0.0010053369385312411 0.0010053369385312411 0.0010053369385312411 0.0010053369385312411 
0.311 0.0010200298030914802 0.0010200298030914802 0.0010200298030914802 0.0010200298030914802 
0.312 0.0010349633063426375 0.0010349633063426375 0.0010349633063426375 0.0010349633063426375 
0.313 0.0010501425407945155 0.0010501425407945155 0.0010501425407945155 0.0010501425407945155 
0.314 0.0010655727357932374 0.0010655727357932374 0.0010655727357932374 0.0010655727357932374 
0.315 0.0010812592619116222 0.0010812592619116222 0.0010812592619116222 0.0010812592619116222 
0.316 0.0010972076355019347 0.0010972076355019347 0.0010972076355019347 0.0010972076355019347 
0.317 0.0011134235234177723 0.0011134235234177723 0.0011134235234177723 0.0011134235234177723 
0.318 0.001129912747911648 0.001129912747911648 0.001129912747911648 0.001129912747911648 
0.319 0.0011466812917134846 0.0011466812917134846 0.0011466812917134846 0.0011466812917134846 
0.32 0.0011637353033035073 0.0011637353033035073 0.0011637353033035073 0.0011637353033035073 
0.321 0.001181081102381035 0.001181081102381035 0.001181081102381035 0.001181081102381035 
0.322 0.0011987251855397748 0.0011987251855397748 0.0011987251855397748 0.0011987251855397748 
0.323 0.0012166742321587222 0.0012166742321587222 0.0012166742321587222 0.0012166742321587222 
0.324 0.0012349351105180428 0.0012349351105180428 0.0012349351105180428 0.0012349351105180428 
0.325 0.0012535148841462222 0.0012535148841462222 0.0012535148841462222 0.0012535148841462222 
0.326 0.0012724208184115662 0.0012724208184115662 0.0012724208184115662 0.0012724208184115662 
0.327 0.0012916603873655086 0.0012916603873655086 0.0012916603873655086 0.0012916603873655086 
0.328 0.00131124128084998 0.00131124128084998 0.00131124128084998 0.00131124128084998 
0.329 0.001331171411878003 0.001331171411878003 0.001331171411878003 0.001331171411878003 
0.33 0.0013514589243012805 0.0013514589243012805 0.0013514589243012805 0.0013514589243012805 
0.331 0.0013721122007722742 0.0013721122007722742 0.0013721122007722742 0.0013721122007722742 
0.332 0.0013931398710168067 0.0013931398710168067 0.0013931398710168067 0.0013931398710168067 
0.333 0.0014145508204285767 0.0014145508204285767 0.0014145508204285767 0.0014145508204285767 
0.334 0.0014363541989971277 0.0014363541989971277 0.0014363541989971277 0.0014363541989971277 
0.335 0.0014585594305859834 0.0014585594305859834 0.0014585594305859834 0.0014585594305859834 
0.336 0.0014811762225692146 0.0014811762225692146 0.0014811762225692146 0.0014811762225692146 
0.337 0.0015042145758482062 0.0015042145758482062 0.0015042145758482062 0.0015042145758482062 
0.338 0.001527684795256056 0.001527684795256056 0.001527684795256056 0.001527684795256056 
0.339 0.0015515975003709802 0.0015515975003709802 0.0015515975003709802 0.0015515975003709802 
0.34 0.0015759636367497743 0.0015759636367497743 0.0015759636367497743 0.0015759636367497743 
0.341 0.0016007944875990846 0.0016007944875990846 0.0016007944875990846 0.0016007944875990846 
0.342 0.0016261016859023206 0.0016261016859023206 0.0016261016859023206 0.0016261016859023206 
0.343 0.0016518972270153573 0.0016518972270153573 0.0016518972270153573 0.0016518972270153573 
0.344 0.0016781934817511248 0.0016781934817511248 0.0016781934817511248 0.0016781934817511248 
0.345 0.0017050032099684047 0.0017050032099684047 0.0017050032099684047 0.0017050032099684047 
0.346 0.0017323395746825958 0.0017323395746825958 0.0017323395746825958 0.0017323395746825958 
0.347 0.0017602161567155544 0.0017602161567155544 0.0017602161567155544 0.0017602161567155544 
0.348 0.001788646969901762 0.001788646969901762 0.001788646969901762 0.001788646969901762 
0.349 0.0018176464768679818 0.0018176464768679818 0.0018176464768679818 0.0018176464768679818 
0.35 0.0018472296054012755 0.0018472296054012755 0.0018472296054012755 0.0018472296054012755 
0.351 0.0018774117654253126 0.0018774117654253126 0.0018774117654253126 0.0018774117654253126 
0.352 0.0019082088665951886 0.0019082088665951886 0.0019082088665951886 0.0019082088665951886 
0.353 0.0019396373365301116 0.0019396373365301116 0.0019396373365301116 0.0019396373365301116 
0.354 0.0019717141396917506 0.0019717141396917506 0.0019717141396917506 0.0019717141396917506 
0.355 0.002004456796924714 0.002004456796924714 0.002004456796924714 0.002004456796924714 
0.356 0.002037883405665274 0.002037883405665274 0.002037883405665274 0.002037883405665274 
0.357 0.002072012660825548 0.002072012660825548 0.002072012660825548 0.002072012660825548 
0.358 0.0021068638763590292 0.0021068638763590292 0.0021068638763590292 0.0021068638763590292 
0.359 0.002142457007505067 0.002142457007505067 0.002142457007505067 0.002142457007505067 
0.36 0.002178812673713253 0.002178812673713253 0.002178812673713253 0.002178812673713253 
0.361 0.0022159521822306106 0.0022159521822306106 0.0022159521822306106 0.0022159521822306106 
0.362 0.0022538975523470855 0.0022538975523470855 0.0022538975523470855 0.0022538975523470855 
0.363 0.002292671540270207 0.002292671540270207 0.002292671540270207 0.002292671540270207 
0.364 0.002332297664603431 0.002332297664603431 0.002332297664603431 0.002332297664603431 
0.365 0.002372800232386137 0.002372800232386137 0.002372800232386137 0.002372800232386137 
0.366 0.0024142043656500013 0.0024142043656500013 0.0024142043656500013 0.0024142043656500013 
0.367 0.002456536028426451 0.002456536028426451 0.002456536028426451 0.002456536028426451 
0.368 0.0024998220541296978 0.0024998220541296978 0.0024998220541296978 0.0024998220541296978 
0.369 0.002544090173223889 0.002544090173223889 0.002544090173223889 0.002544090173223889 
0.37 0.002589369041063224 0.002589369041063224 0.002589369041063224 0.002589369041063224 
0.371 0.0026356882657729342 0.0026356882657729342 0.0026356882657729342 0.0026356882657729342 
0.372 0.0026830784360140675 0.0026830784360140675 0.0026830784360140675 0.0026830784360140675 
0.373 0.0027315711484520184 0.0027315711484520184 0.0027315711484520184 0.0027315711484520184 
0.374 0.002781199034711801 0.002781199034711801 0.002781199034711801 0.002781199034711801 
0.375 0.002831995787577033 0.002831995787577033 0.002831995787577033 0.002831995787577033 
0.376 0.0028839961861442066 0.0028839961861442066 0.0028839961861442066 0.0028839961861442066 
0.377 0.0029372361196076603 0.0029372361196076603 0.0029372361196076603 0.0029372361196076603 
0.378 0.0029917526093001714 0.0029917526093001714 0.0029917526093001714 0.0029917526093001714 
0.379 0.0030475838285659476 0.0030475838285659476 0.0030475838285659476 0.0030475838285659476 
0.38 0.0031047691199852924 0.0031047691199852924 0.0031047691199852924 0.0031047691199852924 
0.381 0.0031633490094138223 0.0031633490094138223 0.0031633490094138223 0.0031633490094138223 
0.382 0.0032233652162278834 0.0032233652162278834 0.0032233652162278834 0.0032233652162278834 
0.383 0.003284860659109078 0.003284860659109078 0.003284860659109078 0.003284860659109078 
0.384 0.003347879456621156 0.003347879456621156 0.003347879456621156 0.003347879456621156 
0.385 0.0034124669217636956 0.0034124669217636956 0.0034124669217636956 0.0034124669217636956 
0.386 0.003478669549608484 0.003478669549608484 0.003478669549608484 0.003478669549608484 
0.387 0.003546534997060113 0.003546534997060113 0.003546534997060113 0.003546534997060113 
0.388 0.003616112053696626 0.003616112053696626 0.003616112053696626 0.003616112053696626 
0.389 0.0036874506025958574 0.0036874506025958574 0.0036874506025958574 0.0036874506025958574 
0.39 0.0037606015699924835 0.0037606015699924835 0.0037606015699924835 0.0037606015699924835 
0.391 0.0038356168625701763 0.0038356168625701763 0.0038356168625701763 0.0038356168625701763 
0.392 0.003912549291172468 0.003912549291172468 0.003912549291172468 0.003912549291172468 
0.393 0.003991452479717328 0.003991452479717328 0.003991452479717328 0.003991452479717328 
0.394 0.0040723807581435865 0.0040723807581435865 0.0040723807581435865 0.0040723807581435865 
0.395 0.004155389038268724 0.004155389038268724 0.004155389038268724 0.004155389038268724 
0.396 0.004240532671579077 0.004240532671579077 0.004240532671579077 0.004240532671579077 
0.397 0.004327867288121218 0.004327867288121218 0.004327867288121218 0.004327867288121218 
0.398 0.004417448615895472 0.004417448615895472 0.004417448615895472 0.004417448615895472 
0.399 0.004509332280443011 0.004509332280443011 0.004509332280443011 0.004509332280443011 
0.4 0.004603573584664039 0.004603573584664039 0.004603573584664039 0.004603573584664039 
0.401 0.0047002272693253645 0.0047002272693253645 0.0047002272693253645 0.0047002272693253645 
0.402 0.00479934725519817 0.00479934725519817 0.00479934725519817 0.00479934725519817 
0.403 0.004900986368297013 0.004900986368297013 0.004900986368297013 0.004900986368297013 
0.404 0.0050051960502745605 0.0050051960502745605 0.0050051960502745605 0.0050051960502745605 
0.405 0.005112026056625589 0.005112026056625589 0.005112026056625589 0.005112026056625589 
0.406 0.0052215241459594415 0.0052215241459594415 0.0052215241459594415 0.0052215241459594415 
0.407 0.005333735764186879 0.005333735764186879 0.005333735764186879 0.005333735764186879 
0.408 0.005448703727983049 0.005448703727983049 0.005448703727983049 0.005448703727983049 
0.409 0.005566467912337041 0.005566467912337041 0.005566467912337041 0.005566467912337041 
0.41 0.005687064947312056 0.005687064947312056 0.005687064947312056 0.005687064947312056 
0.411 0.005810527929305611 0.005810527929305611 0.005810527929305611 0.005810527929305611 
0.412 0.005936886152106432 0.005936886152106432 0.005936886152106432 0.005936886152106432 
0.413 0.006066164862846904 0.006066164862846904 0.006066164862846904 0.006066164862846904 
0.414 0.006198385047570262 0.006198385047570262 0.006198385047570262 0.006198385047570262 
0.415 0.0063335632505681656 0.0063335632505681656 0.0063335632505681656 0.0063335632505681656 
0.416 0.006471711430907241 0.006471711430907241 0.006471711430907241 0.006471711430907241 
0.417 0.006612836858704941 0.006612836858704941 0.006612836858704941 0.006612836858704941 
0.418 0.0067569420527418935 0.0067569420527418935 0.0067569420527418935 0.0067569420527418935 
0.419 0.006904024759999549 0.006904024759999549 0.006904024759999549 0.006904024759999549 
0.42 0.007054077976689025 0.007054077976689025 0.007054077976689025 0.007054077976689025 
0.421 0.007207090009377656 0.007207090009377656 0.007207090009377656 0.007207090009377656 
0.422 0.007363044573941115 0.007363044573941115 0.007363044573941115 0.007363044573941115 
0.423 0.007521920929313703 0.007521920929313703 0.007521920929313703 0.007521920929313703 
0.424 0.007683694042403706 0.007683694042403706 0.007683694042403706 0.007683694042403706 
0.425 0.007848334780106258 0.007848334780106258 0.007848334780106258 0.007848334780106258 
0.426 0.008015810124060866 0.008015810124060866 0.008015810124060866 0.008015810124060866 
0.427 0.008186083403691287 0.008186083403691287 0.008186083403691287 0.008186083403691287 
0.428 0.008359114543102751 0.008359114543102751 0.008359114543102751 0.008359114543102751 
0.429 0.008534860317563245 0.008534860317563245 0.008534860317563245 0.008534860317563245 
0.43 0.008713274615568539 0.008713274615568539 0.008713274615568539 0.008713274615568539 
0.431 0.00889430870282659 0.00889430870282659 0.00889430870282659 0.00889430870282659 
0.432 0.0090779114849011 0.0090779114849011 0.0090779114849011 0.0090779114849011 
0.433 0.009264029765678727 0.009264029765678727 0.009264029765678727 0.009264029765678727 
0.434 0.009452608499262462 0.009452608499262462 0.009452608499262462 0.009452608499262462 
0.435 0.009643591033331083 0.009643591033331083 0.009643591033331083 0.009643591033331083 
0.436 0.009836919342413434 0.009836919342413434 0.009836919342413434 0.009836919342413434 
0.437 0.010032534249913566 0.010032534249913566 0.010032534249913566 0.010032534249913566 
0.438 0.010230375638065376 0.010230375638065376 0.010230375638065376 0.010230375638065376 
0.439 0.010430382645307854 0.010430382645307854 0.010430382645307854 0.010430382645307854 
0.44 0.010632493850836222 0.010632493850836222 0.010632493850836222 0.010632493850836222 
0.441 0.010836647446305206 0.010836647446305206 0.010836647446305206 0.010836647446305206 
0.442 0.011042781394852545 0.011042781394852545 0.011042781394852545 0.011042781394852545 
0.443 0.011250833577757791 0.011250833577757791 0.011250833577757791 0.011250833577757791 
0.444 0.011460741929167392 0.011460741929167392 0.011460741929167392 0.011460741929167392 
0.445 0.011672444559402 0.011672444559402 0.011672444559402 0.011672444559402 
0.446 0.011885879867435351 0.011885879867435351 0.011885879867435351 0.011885879867435351 
0.447 0.012100986643158902 0.012100986643158902 0.012100986643158902 0.012100986643158902 
0.448 0.01231770416007993 0.01231770416007993 0.01231770416007993 0.01231770416007993 
0.449 0.012535972259111442 0.012535972259111442 0.012535972259111442 0.012535972259111442 
0.45 0.012755731424092837 0.012755731424092837 0.012755731424092837 0.012755731424092837 
0.451 0.012976922849687895 0.012976922849687895 0.012976922849687895 0.012976922849687895 
0.452 0.01319948850226816 0.01319948850226816 0.01319948850226816 0.01319948850226816 
0.453 0.013423371174376472 0.013423371174376472 0.013423371174376472 0.013423371174376472 
0.454 0.013648514533327924 0.013648514533327924 0.013648514533327924 0.013648514533327924 
0.455 0.013874863164481808 0.013874863164481808 0.013874863164481808 0.013874863164481808 
0.456 0.01410236260967642 0.01410236260967642 0.01410236260967642 0.01410236260967642 
0.457 0.014330959401292708 0.014330959401292708 0.014330959401292708 0.014330959401292708 
0.458 0.01456060109237483 0.01456060109237483 0.01456060109237483 0.01456060109237483 
0.459 0.01479123628320465 0.01479123628320465 0.01479123628320465 0.01479123628320465 
0.46 0.01502281464469598 0.01502281464469598 0.01502281464469598 0.01502281464469598 
0.461 0.015255286938945237 0.015255286938945237 0.015255286938945237 0.015255286938945237 
0.462 0.015488605037240803 0.015488605037240803 0.015488605037240803 0.015488605037240803 
0.463 0.01572272193581407 0.01572272193581407 0.01572272193581407 0.01572272193581407 
0.464 0.015957591769585135 0.015957591769585135 0.015957591769585135 0.015957591769585135 
0.465 0.016193169824134497 0.016193169824134497 0.016193169824134497 0.016193169824134497 
0.466 0.016429412546104746 0.016429412546104746 0.016429412546104746 0.016429412546104746 
0.467 0.01666627755222365 0.01666627755222365 0.01666627755222365 0.01666627755222365 
0.468 0.0169037236371182 0.0169037236371182 0.0169037236371182 0.0169037236371182 
0.469 0.01714171078006656 0.01714171078006656 0.01714171078006656 0.01714171078006656 
0.47 0.0173802001508292 0.0173802001508292 0.0173802001508292 0.0173802001508292 
0.471 0.017619154114674126 0.017619154114674126 0.017619154114674126 0.017619154114674126 
0.472 0.017858536236708664 0.017858536236708664 0.017858536236708664 0.017858536236708664 
0.473 0.018098311285612033 0.018098311285612033 0.018098311285612033 0.018098311285612033 
0.474 0.018338445236852192 0.018338445236852192 0.018338445236852192 0.018338445236852192 
0.475 0.018578905275461185 0.018578905275461185 0.018578905275461185 0.018578905275461185 
0.476 0.01881965979843618 0.01881965979843618 0.01881965979843618 0.01881965979843618 
0.477 0.019060678416822373 0.019060678416822373 0.019060678416822373 0.019060678416822373 
0.478 0.019301931957525564 0.019301931957525564 0.019301931957525564 0.019301931957525564 
0.479 0.01954339246490144 0.01954339246490144 0.01954339246490144 0.01954339246490144 
0.48 0.01978503320215473 0.01978503320215473 0.01978503320215473 0.01978503320215473 
0.481 0.020026828652581395 0.020026828652581395 0.020026828652581395 0.020026828652581395 
0.482 0.020268754520679073 0.020268754520679073 0.020268754520679073 0.020268754520679073 
0.483 0.02051078773315301 0.02051078773315301 0.02051078773315301 0.02051078773315301 
0.484 0.020752906439827176 0.020752906439827176 0.020752906439827176 0.020752906439827176 
0.485 0.020995090014484658 0.020995090014484658 0.020995090014484658 0.020995090014484658 
0.486 0.021237319055643206 0.021237319055643206 0.021237319055643206 0.021237319055643206 
0.487 0.021479575387279078 0.021479575387279078 0.021479575387279078 0.021479575387279078 
0.488 0.021721842059503053 0.021721842059503053 0.021721842059503053 0.021721842059503053 
0.489 0.021964103349196278 0.021964103349196278 0.021964103349196278 0.021964103349196278 
0.49 0.02220634476060858 0.02220634476060858 0.02220634476060858 0.02220634476060858 
0.491 0.022448553025919984 0.022448553025919984 0.022448553025919984 0.022448553025919984 
0.492 0.022690716105768165 0.022690716105768165 0.022690716105768165 0.022690716105768165 
0.493 0.022932823189739538 0.022932823189739538 0.022932823189739538 0.022932823189739538 
0.494 0.02317486469682342 0.02317486469682342 0.02317486469682342 0.02317486469682342 
0.495 0.023416832275828824 0.023416832275828824 0.023416832275828824 0.023416832275828824 
0.496 0.02365871880575755 0.02365871880575755 0.02365871880575755 0.02365871880575755 
0.497 0.023900518396136047 0.023900518396136047 0.023900518396136047 0.023900518396136047 
0.498 0.024142226387299435 0.024142226387299435 0.024142226387299435 0.024142226387299435 
0.499 0.024383839350624246 0.024383839350624246 0.024383839350624246 0.024383839350624246 
0.5 0.024625355088708507 0.024625355088708507 0.024625355088708507 0.024625355088708507 
0.501 0.02486677263549408 0.02486677263549408 0.02486677263549408 0.02486677263549408 
0.502 0.0251080922563298 0.0251080922563298 0.0251080922563298 0.0251080922563298 
0.503 0.025349315447968274 0.025349315447968274 0.025349315447968274 0.025349315447968274 
0.504 0.025590444938496396 0.025590444938496396 0.025590444938496396 0.025590444938496396 
0.505 0.025831484687194765 0.025831484687194765 0.025831484687194765 0.025831484687194765 
0.506 0.026072439884321154 0.026072439884321154 0.026072439884321154 0.026072439884321154 
0.507 0.026313316950817203 0.026313316950817203 0.026313316950817203 0.026313316950817203 
0.508 0.026554123537931486 0.026554123537931486 0.026554123537931486 0.026554123537931486 
0.509 0.02679486852675651 0.02679486852675651 0.02679486852675651 0.02679486852675651 
0.51 0.027035562027674542 0.027035562027674542 0.027035562027674542 0.027035562027674542 
0.511 0.027276215379707456 0.027276215379707456 0.027276215379707456 0.027276215379707456 
0.512 0.02751684114976507 0.02751684114976507 0.02751684114976507 0.02751684114976507 
0.513 0.027757453131784966 0.027757453131784966 0.027757453131784966 0.027757453131784966 
0.514 0.027998066345756908 0.027998066345756908 0.027998066345756908 0.027998066345756908 
0.515 0.028238697036622445 0.028238697036622445 0.028238697036622445 0.028238697036622445 
0.516 0.028479362673041603 0.028479362673041603 0.028479362673041603 0.028479362673041603 
0.517 0.028720081946013568 0.028720081946013568 0.028720081946013568 0.028720081946013568 
0.518 0.028960874767338166 0.028960874767338166 0.028960874767338166 0.028960874767338166 
0.519 0.029201762267904375 0.029201762267904375 0.029201762267904375 0.029201762267904375 
0.52 0.029442766795786522 0.029442766795786522 0.029442766795786522 0.029442766795786522 
0.521 0.029683911914132454 0.029683911914132454 0.029683911914132454 0.029683911914132454 
0.522 0.02992522239881373 0.02992522239881373 0.02992522239881373 0.02992522239881373 
0.523 0.030166724235821882 0.030166724235821882 0.030166724235821882 0.030166724235821882 
0.524 0.03040844461837508 0.03040844461837508 0.03040844461837508 0.03040844461837508 
0.525 0.03065041194370673 0.03065041194370673 0.03065041194370673 0.03065041194370673 
0.526 0.03089265580950318 0.03089265580950318 0.03089265580950318 0.03089265580950318 
0.527 0.03113520700994469 0.03113520700994469 0.03113520700994469 0.03113520700994469 
0.528 0.03137809753131789 0.03137809753131789 0.03137809753131789 0.03137809753131789 
0.529 0.03162136054714298 0.03162136054714298 0.03162136054714298 0.03162136054714298 
0.53 0.03186503041277361 0.03186503041277361 0.03186503041277361 0.03186503041277361 
0.531 0.03210914265941116 0.03210914265941116 0.03210914265941116 0.03210914265941116 
0.532 0.03235373398747851 0.03235373398747851 0.03235373398747851 0.03235373398747851 
0.533 0.03259884225928812 0.03259884225928812 0.03259884225928812 0.03259884225928812 
0.534 0.032844506490943906 0.032844506490943906 0.032844506490943906 0.032844506490943906 
0.535 0.03309076684340428 0.03309076684340428 0.03309076684340428 0.03309076684340428 
0.536 0.03333766461263602 0.03333766461263602 0.03333766461263602 0.03333766461263602 
0.537 0.03358524221878625 0.03358524221878625 0.03358524221878625 0.03358524221878625 
0.538 0.033833543194292666 0.033833543194292666 0.033833543194292666 0.033833543194292666 
0.539 0.03408261217085267 0.03408261217085267 0.03408261217085267 0.03408261217085267 
0.54 0.03433249486517641 0.03433249486517641 0.03433249486517641 0.03433249486517641 
0.541 0.03458323806343658 0.03458323806343658 0.03458323806343658 0.03458323806343658 
0.542 0.03483488960433778 0.03483488960433778 0.03483488960433778 0.03483488960433778 
0.543 0.03508749836072515 0.03508749836072515 0.03508749836072515 0.03508749836072515 
0.544 0.03534111421965379 0.03534111421965379 0.03534111421965379 0.03534111421965379 
0.545 0.0355957880608441 0.0355957880608441 0.0355957880608441 0.0355957880608441 
0.546 0.03585157173345317 0.03585157173345317 0.03585157173345317 0.03585157173345317 
0.547 0.03610851803109289 0.03610851803109289 0.03610851803109289 0.03610851803109289 
0.548 0.03636668066503715 0.03636668066503715 0.03636668066503715 0.03636668066503715 
0.549 0.036626114235565645 0.036626114235565645 0.036626114235565645 0.036626114235565645 
0.55 0.03688687420139642 0.03688687420139642 0.03688687420139642 0.03688687420139642 
0.551 0.03714901684717637 0.03714901684717637 0.03714901684717637 0.03714901684717637 
0.552 0.037412599249002025 0.037412599249002025 0.037412599249002025 0.037412599249002025 
0.553 0.03767767923796076 0.03767767923796076 0.03767767923796076 0.03767767923796076 
0.554 0.03794431536169026 0.03794431536169026 0.03794431536169026 0.03794431536169026 
0.555 0.03821256684397117 0.03821256684397117 0.03821256684397117 0.03821256684397117 
0.556 0.03848249354238307 0.03848249354238307 0.03848249354238307 0.03848249354238307 
0.557 0.03875415590406286 0.03875415590406286 0.03875415590406286 0.03875415590406286 
0.558 0.03902761491962835 0.03902761491962835 0.03902761491962835 0.03902761491962835 
0.559 0.03930293207533955 0.03930293207533955 0.03930293207533955 0.03930293207533955 
0.56 0.039580169303587875 0.039580169303587875 0.039580169303587875 0.039580169303587875 
0.561 0.03985938893182114 0.03985938893182114 0.03985938893182114 0.03985938893182114 
0.562 0.04014065363002412 0.04014065363002412 0.04014065363002412 0.04014065363002412 
0.563 0.04042402635688957 0.04042402635688957 0.04042402635688957 0.04042402635688957 
0.564 0.04070957030483239 0.04070957030483239 0.04070957030483239 0.04070957030483239 
0.565 0.040997348844007755 0.040997348844007755 0.040997348844007755 0.040997348844007755 
0.566 0.0412874254655064 0.0412874254655064 0.0412874254655064 0.0412874254655064 
0.567 0.04157986372391197 0.04157986372391197 0.04157986372391197 0.04157986372391197 
0.568 0.0418747271794134 0.0418747271794134 0.0418747271794134 0.0418747271794134 
0.569 0.042172079339668926 0.042172079339668926 0.042172079339668926 0.042172079339668926 
0.57 0.04247198360162568 0.04247198360162568 0.04247198360162568 0.04247198360162568 
0.571 0.04277450319350108 0.04277450319350108 0.04277450319350108 0.04277450319350108 
0.572 0.04307970111713048 0.04307970111713048 0.04307970111713048 0.04307970111713048 
0.573 0.04338764009088788 0.04338764009088788 0.04338764009088788 0.04338764009088788 
0.574 0.0436983824933756 0.0436983824933756 0.0436983824933756 0.0436983824933756 
0.575 0.04401199030808321 0.04401199030808321 0.04401199030808321 0.04401199030808321 
0.576 0.04432852506919718 0.04432852506919718 0.04432852506919718 0.04432852506919718 
0.577 0.044648047808741716 0.044648047808741716 0.044648047808741716 0.044648047808741716 
0.578 0.044970619005218364 0.044970619005218364 0.044970619005218364 0.044970619005218364 
0.579 0.045296298533893435 0.045296298533893435 0.045296298533893435 0.045296298533893435 
0.58 0.045625145618878295 0.045625145618878295 0.045625145618878295 0.045625145618878295 
0.581 0.04595721878712357 0.04595721878712357 0.04595721878712357 0.04595721878712357 
0.582 0.04629257582444182 0.04629257582444182 0.04629257582444182 0.04629257582444182 
0.583 0.04663127373364743 0.04663127373364743 0.04663127373364743 0.04663127373364743 
0.584 0.04697336869489373 0.04697336869489373 0.04697336869489373 0.04697336869489373 
0.585 0.04731891602826904 0.04731891602826904 0.04731891602826904 0.04731891602826904 
0.586 0.04766797015869413 0.04766797015869413 0.04766797015869413 0.04766797015869413 
0.587 0.0480205845831515 0.0480205845831515 0.0480205845831515 0.0480205845831515 
0.588 0.04837681184025889 0.04837681184025889 0.04837681184025889 0.04837681184025889 
0.589 0.04873670348218794 0.04873670348218794 0.04873670348218794 0.04873670348218794 
0.59 0.04910031004890911 0.04910031004890911 0.04910031004890911 0.04910031004890911 
0.591 0.04946768104473776 0.04946768104473776 0.04946768104473776 0.04946768104473776 
0.592 0.0498388649171415 0.0498388649171415 0.0498388649171415 0.0498388649171415 
0.593 0.05021390903775671 0.05021390903775671 0.05021390903775671 0.05021390903775671 
0.594 0.05059285968555464 0.05059285968555464 0.05059285968555464 0.05059285968555464 
0.595 0.050975762032088826 0.050975762032088826 0.050975762032088826 0.050975762032088826 
0.596 0.05136266012874799 0.05136266012874799 0.05136266012874799 0.05136266012874799 
0.597 0.05175359689593121 0.05175359689593121 0.05175359689593121 0.05175359689593121 
0.598 0.05214861411406128 0.05214861411406128 0.05214861411406128 0.05214861411406128 
0.599 0.0525477524163412 0.0525477524163412 0.0525477524163412 0.0525477524163412 
0.6 0.05295105128316582 0.05295105128316582 0.05295105128316582 0.05295105128316582 
0.601 0.05335854903808802 0.05335854903808802 0.05335854903808802 0.05335854903808802 
0.602 0.053770282845247354 0.053770282845247354 0.053770282845247354 0.053770282845247354 
0.603 0.05418628870816179 0.05418628870816179 0.05418628870816179 0.05418628870816179 
0.604 0.05460660146978865 0.05460660146978865 0.05460660146978865 0.05460660146978865 
0.605 0.055031254813759034 0.055031254813759034 0.055031254813759034 0.055031254813759034 
0.606 0.05546028126669475 0.05546028126669475 0.05546028126669475 0.05546028126669475 
0.607 0.05589371220151521 0.05589371220151521 0.05589371220151521 0.05589371220151521 
0.608 0.05633157784164962 0.05633157784164962 0.05633157784164962 0.05633157784164962 
0.609 0.056773907266067555 0.056773907266067555 0.056773907266067555 0.056773907266067555 
0.61 0.05722072841504968 0.05722072841504968 0.05722072841504968 0.05722072841504968 
0.611 0.057672068096617866 0.057672068096617866 0.057672068096617866 0.057672068096617866 
0.612 0.058127951993556526 0.058127951993556526 0.058127951993556526 0.058127951993556526 
0.613 0.058588404670950334 0.058588404670950334 0.058588404670950334 0.058588404670950334 
0.614 0.059053449584176826 0.059053449584176826 0.059053449584176826 0.059053449584176826 
0.615 0.05952310908729036 0.05952310908729036 0.05952310908729036 0.05952310908729036 
0.616 0.05999740444174096 0.05999740444174096 0.05999740444174096 0.05999740444174096 
0.617 0.06047635582537473 0.06047635582537473 0.06047635582537473 0.06047635582537473 
0.618 0.06095998234166584 0.06095998234166584 0.06095998234166584 0.06095998234166584 
0.619 0.06144830202913396 0.06144830202913396 0.06144830202913396 0.06144830202913396 
0.62 0.06194133187090629 0.06194133187090629 0.06194133187090629 0.06194133187090629 
0.621 0.06243908780438474 0.06243908780438474 0.06243908780438474 0.06243908780438474 
0.622 0.06294158473098274 0.06294158473098274 0.06294158473098274 0.06294158473098274 
0.623 0.0634488365259003 0.0634488365259003 0.0634488365259003 0.0634488365259003 
0.624 0.06396085604790974 0.06396085604790974 0.06396085604790974 0.06396085604790974 
0.625 0.06447765514912285 0.06447765514912285 0.06447765514912285 0.06447765514912285 
0.626 0.06499924468471958 0.06499924468471958 0.06499924468471958 0.06499924468471958 
0.627 0.06552563452261594 0.06552563452261594 0.06552563452261594 0.06552563452261594 
0.628 0.06605683355305238 0.06605683355305238 0.06605683355305238 0.06605683355305238 
0.629 0.06659284969808925 0.06659284969808925 0.06659284969808925 0.06659284969808925 
0.63 0.06713368992099195 0.06713368992099195 0.06713368992099195 0.06713368992099195 
0.631 0.06767936023549728 0.06767936023549728 0.06767936023549728 0.06767936023549728 
0.632 0.06822986571494771 0.06822986571494771 0.06822986571494771 0.06822986571494771 
0.633 0.06878521050128837 0.06878521050128837 0.06878521050128837 0.06878521050128837 
0.634 0.06934539781391648 0.06934539781391648 0.06934539781391648 0.06934539781391648 
0.635 0.06991042995838079 0.06991042995838079 0.06991042995838079 0.06991042995838079 
0.636 0.07048030833492386 0.07048030833492386 0.07048030833492386 0.07048030833492386 
0.637 0.07105503344686713 0.07105503344686713 0.07105503344686713 0.07105503344686713 
0.638 0.07163460490883373 0.07163460490883373 0.07163460490883373 0.07163460490883373 
0.639 0.07221902145481032 0.07221902145481032 0.07221902145481032 0.07221902145481032 
0.64 0.0728082809460458 0.0728082809460458 0.0728082809460458 0.0728082809460458 
0.641 0.07340238037878977 0.07340238037878977 0.07340238037878977 0.07340238037878977 
0.642 0.07400131589186905 0.07400131589186905 0.07400131589186905 0.07400131589186905 
0.643 0.07460508277410624 0.07460508277410624 0.07460508277410624 0.07460508277410624 
0.644 0.07521367547158253 0.07521367547158253 0.07521367547158253 0.07521367547158253 
0.645 0.07582708759474614 0.07582708759474614 0.07582708759474614 0.07582708759474614 
0.646 0.07644531192537107 0.07644531192537107 0.07644531192537107 0.07644531192537107 
0.647 0.07706834042337055 0.07706834042337055 0.07706834042337055 0.07706834042337055 
0.648 0.07769616423346493 0.07769616423346493 0.07769616423346493 0.07769616423346493 
0.649 0.07832877369171479 0.07832877369171479 0.07832877369171479 0.07832877369171479 
0.65 0.0789661583319176 0.0789661583319176 0.0789661583319176 0.0789661583319176 
0.651 0.07960830689187628 0.07960830689187628 0.07960830689187628 0.07960830689187628 
0.652 0.08025520731954254 0.08025520731954254 0.08025520731954254 0.08025520731954254 
0.653 0.08090684677904142 0.08090684677904142 0.08090684677904142 0.08090684677904142 
0.654 0.0815632116565805 0.0815632116565805 0.0815632116565805 0.0815632116565805 
0.655 0.08222428756625 0.08222428756625 0.08222428756625 0.08222428756625 
0.656 0.08289005935571739 0.08289005935571739 0.08289005935571739 0.08289005935571739 
0.657 0.0835605111118247 0.0835605111118247 0.0835605111118247 0.0835605111118247 
0.658 0.08423562616608826 0.08423562616608826 0.08423562616608826 0.08423562616608826 
0.659 0.08491538710011316 0.08491538710011316 0.08491538710011316 0.08491538710011316 
0.66 0.08559977575092063 0.08559977575092063 0.08559977575092063 0.08559977575092063 
0.661 0.08628877321619764 0.08628877321619764 0.08628877321619764 0.08628877321619764 
0.662 0.08698235985947157 0.08698235985947157 0.08698235985947157 0.08698235985947157 
0.663 0.08768051531521832 0.08768051531521832 0.08768051531521832 0.08768051531521832 
0.664 0.08838321849390199 0.08838321849390199 0.08838321849390199 0.08838321849390199 
0.665 0.08909044758695916 0.08909044758695916 0.08909044758695916 0.08909044758695916 
0.666 0.08980218007172587 0.08980218007172587 0.08980218007172587 0.08980218007172587 
0.667 0.09051839271631541 0.09051839271631541 0.09051839271631541 0.09051839271631541 
0.668 0.09123906158445019 0.09123906158445019 0.09123906158445019 0.09123906158445019 
0.669 0.09196416204025237 0.09196416204025237 0.09196416204025237 0.09196416204025237 
0.67 0.09269366875299878 0.09269366875299878 0.09269366875299878 0.09269366875299878 
0.671 0.09342755570184115 0.09342755570184115 0.09342755570184115 0.09342755570184115 
0.672 0.09416579618049939 0.09416579618049939 0.09416579618049939 0.09416579618049939 
0.673 0.09490836280193003 0.09490836280193003 0.09490836280193003 0.09490836280193003 
0.674 0.09565522750297334 0.09565522750297334 0.09565522750297334 0.09565522750297334 
0.675 0.09640636154898566 0.09640636154898566 0.09640636154898566 0.09640636154898566 
0.676 0.09716173553845579 0.09716173553845579 0.09716173553845579 0.09716173553845579 
0.677 0.09792131940761425 0.09792131940761425 0.09792131940761425 0.09792131940761425 
0.678 0.09868508243503586 0.09868508243503586 0.09868508243503586 0.09868508243503586 
0.679 0.09945299324623942 0.09945299324623942 0.09945299324623942 0.09945299324623942 
0.68 0.10022501981828791 0.10022501981828791 0.10022501981828791 0.10022501981828791 
0.681 0.10100112948439358 0.10100112948439358 0.10100112948439358 0.10100112948439358 
0.682 0.10178128893852932 0.10178128893852932 0.10178128893852932 0.10178128893852932 
0.683 0.10256546424004927 0.10256546424004927 0.10256546424004927 0.10256546424004927 
0.684 0.1033536208183235 0.1033536208183235 0.1033536208183235 0.1033536208183235 
0.685 0.10414572347738757 0.10414572347738757 0.10414572347738757 0.10414572347738757 
0.686 0.10494173640061054 0.10494173640061054 0.10494173640061054 0.10494173640061054 
0.687 0.10574162315538392 0.10574162315538392 0.10574162315538392 0.10574162315538392 
0.688 0.10654534669783335 0.10654534669783335 0.10654534669783335 0.10654534669783335 
0.689 0.10735286937755698 0.10735286937755698 0.10735286937755698 0.10735286937755698 
0.69 0.10816415294239143 0.10816415294239143 0.10816415294239143 0.10816415294239143 
0.691 0.108979158543208 0.108979158543208 0.108979158543208 0.108979158543208 
0.692 0.10979784673874168 0.10979784673874168 0.10979784673874168 0.10979784673874168 
0.693 0.11062017750045425 0.11062017750045425 0.11062017750045425 0.11062017750045425 
0.694 0.11144611021743432 0.11144611021743432 0.11144611021743432 0.11144611021743432 
0.695 0.11227560370133584 0.11227560370133584 0.11227560370133584 0.11227560370133584 
0.696 0.11310861619135618 0.11310861619135618 0.11310861619135618 0.11310861619135618 
0.697 0.11394510535925692 0.11394510535925692 0.11394510535925692 0.11394510535925692 
0.698 0.11478502831442816 0.11478502831442816 0.11478502831442816 0.11478502831442816 
0.699 0.11562834160899801 0.11562834160899801 0.11562834160899801 0.11562834160899801 
0.7 0.11647500124298898 0.11647500124298898 0.11647500124298898 0.11647500124298898 
0.701 0.11732496266952265 0.11732496266952265 0.11732496266952265 0.11732496266952265 
0.702 0.11817818080007388 0.11817818080007388 0.11817818080007388 0.11817818080007388 
0.703 0.11903461000977648 0.11903461000977648 0.11903461000977648 0.11903461000977648 
0.704 0.1198942041427807 0.1198942041427807 0.1198942041427807 0.1198942041427807 
0.705 0.12075691651766428 0.12075691651766428 0.12075691651766428 0.12075691651766428 
0.706 0.12162269993289856 0.12162269993289856 0.12162269993289856 0.12162269993289856 
0.707 0.12249150667237013 0.12249150667237013 0.12249150667237013 0.12249150667237013 
0.708 0.12336328851095862 0.12336328851095862 0.12336328851095862 0.12336328851095862 
0.709 0.1242379967201731 0.1242379967201731 0.1242379967201731 0.1242379967201731 
0.71 0.1251155820738471 0.1251155820738471 0.1251155820738471 0.1251155820738471 
0.711 0.12599599485389204 0.12599599485389204 0.12599599485389204 0.12599599485389204 
0.712 0.12687918485611274 0.12687918485611274 0.12687918485611274 0.12687918485611274 
0.713 0.1277651013960819 0.1277651013960819 0.1277651013960819 0.1277651013960819 
0.714 0.12865369331507867 0.12865369331507867 0.12865369331507867 0.12865369331507867 
0.715 0.1295449089860875 0.1295449089860875 0.1295449089860875 0.1295449089860875 
0.716 0.13043869631986155 0.13043869631986155 0.13043869631986155 0.13043869631986155 
0.717 0.13133500277104884 0.13133500277104884 0.13133500277104884 0.13133500277104884 
0.718 0.13223377534438302 0.13223377534438302 0.13223377534438302 0.13223377534438302 
0.719 0.13313496060093835 0.13313496060093835 0.13313496060093835 0.13313496060093835 
0.72 0.13403850466445003 0.13403850466445003 0.13403850466445003 0.13403850466445003 
0.721 0.1349443532276996 0.1349443532276996 0.1349443532276996 0.1349443532276996 
0.722 0.13585245155896655 0.13585245155896655 0.13585245155896655 0.13585245155896655 
0.723 0.1367627445085448 0.1367627445085448 0.1367627445085448 0.1367627445085448 
0.724 0.13767517651532735 0.13767517651532735 0.13767517651532735 0.13767517651532735 
0.725 0.1385896916134555 0.1385896916134555 0.1385896916134555 0.1385896916134555 
0.726 0.139506233439036 0.139506233439036 0.139506233439036 0.139506233439036 
0.727 0.14042474523692433 0.14042474523692433 0.14042474523692433 0.14042474523692433 
0.728 0.1413451698675756 0.1413451698675756 0.1413451698675756 0.1413451698675756 
0.729 0.14226744981396158 0.14226744981396158 0.14226744981396158 0.14226744981396158 
0.73 0.14319152718855513 0.14319152718855513 0.14319152718855513 0.14319152718855513 
0.731 0.14411734374038218 0.14411734374038218 0.14411734374038218 0.14411734374038218 
0.732 0.14504484086213928 0.14504484086213928 0.14504484086213928 0.14504484086213928 
0.733 0.1459739595973796 0.1459739595973796 0.1459739595973796 0.1459739595973796 
0.734 0.14690464064776468 0.14690464064776468 0.14690464064776468 0.14690464064776468 
0.735 0.147836824380383 0.147836824380383 0.147836824380383 0.147836824380383 
0.736 0.14877045083513546 0.14877045083513546 0.14877045083513546 0.14877045083513546 
0.737 0.14970545973218635 0.14970545973218635 0.14970545973218635 0.14970545973218635 
0.738 0.15064179047948098 0.15064179047948098 0.15064179047948098 0.15064179047948098 
0.739 0.15157938218032901 0.15157938218032901 0.15157938218032901 0.15157938218032901 
0.74 0.15251817364105233 0.15251817364105233 0.15251817364105233 0.15251817364105233 
0.741 0.15345810337869914 0.15345810337869914 0.15345810337869914 0.15345810337869914 
0.742 0.15439910962882286 0.15439910962882286 0.15439910962882286 0.15439910962882286 
0.743 0.15534113035332403 0.15534113035332403 0.15534113035332403 0.15534113035332403 
0.744 0.15628410324835754 0.15628410324835754 0.15628410324835754 0.15628410324835754 
0.745 0.15722796575230316 0.15722796575230316 0.15722796575230316 0.15722796575230316 
0.746 0.15817265505379796 0.15817265505379796 0.15817265505379796 0.15817265505379796 
0.747 0.15911810809983318 0.15911810809983318 0.15911810809983318 0.15911810809983318 
0.748 0.16006426160391138 0.16006426160391138 0.16006426160391138 0.16006426160391138 
0.749 0.1610110520542658 0.1610110520542658 0.1610110520542658 0.1610110520542658 
0.75 0.16195841572214104 0.16195841572214104 0.16195841572214104 0.16195841572214104 
0.751 0.16290628867013301 0.16290628867013301 0.16290628867013301 0.16290628867013301 
0.752 0.16385460676058938 0.16385460676058938 0.16385460676058938 0.16385460676058938 
0.753 0.16480330566406873 0.16480330566406873 0.16480330566406873 0.16480330566406873 
0.754 0.16575232086785815 0.16575232086785815 0.16575232086785815 0.16575232086785815 
0.755 0.16670158768454765 0.16670158768454765 0.16670158768454765 0.16670158768454765 
0.756 0.16765104126066344 0.16765104126066344 0.16765104126066344 0.16765104126066344 
0.757 0.16860061658535475 0.16860061658535475 0.16860061658535475 0.16860061658535475 
0.758 0.16955024849913858 0.16955024849913858 0.16955024849913858 0.16955024849913858 
0.759 0.170499871702697 0.170499871702697 0.170499871702697 0.170499871702697 
0.76 0.1714494207657297 0.1714494207657297 0.1714494207657297 0.1714494207657297 
0.761 0.17239883013585833 0.17239883013585833 0.17239883013585833 0.17239883013585833 
0.762 0.17334803414758385 0.17334803414758385 0.17334803414758385 0.17334803414758385 
0.763 0.1742969670312944 0.1742969670312944 0.1742969670312944 0.1742969670312944 
0.764 0.17524556292232393 0.17524556292232393 0.17524556292232393 0.17524556292232393 
0.765 0.17619375587005984 0.17619375587005984 0.17619375587005984 0.17619375587005984 
0.766 0.17714147984709913 0.17714147984709913 0.17714147984709913 0.17714147984709913 
0.767 0.1780886687584523 0.1780886687584523 0.1780886687584523 0.1780886687584523 
0.768 0.17903525645079307 0.17903525645079307 0.17903525645079307 0.17903525645079307 
0.769 0.17998117672175423 0.17998117672175423 0.17998117672175423 0.17998117672175423 
0.77 0.18092636332926731 0.18092636332926731 0.18092636332926731 0.18092636332926731 
0.771 0.18187075000094632 0.18187075000094632 0.18187075000094632 0.18187075000094632 
0.772 0.18281427044351295 0.18281427044351295 0.18281427044351295 0.18281427044351295 
0.773 0.18375685835226366 0.18375685835226366 0.18375685835226366 0.18375685835226366 
0.774 0.1846984474205767 0.1846984474205767 0.1846984474205767 0.1846984474205767 
0.775 0.18563897134945795 0.18563897134945795 0.18563897134945795 0.18563897134945795 
0.776 0.18657836385712484 0.18657836385712484 0.18657836385712484 0.18657836385712484 
0.777 0.18751655868862646 0.18751655868862646 0.18751655868862646 0.18751655868862646 
0.778 0.18845348962550024 0.18845348962550024 0.18845348962550024 0.18845348962550024 
0.779 0.18938909049546165 0.18938909049546165 0.18938909049546165 0.18938909049546165 
0.78 0.19032329518212804 0.19032329518212804 0.19032329518212804 0.19032329518212804 
0.781 0.19125603763477333 0.19125603763477333 0.19125603763477333 0.19125603763477333 
0.782 0.19218725187811447 0.19218725187811447 0.19218725187811447 0.19218725187811447 
0.783 0.19311687202212627 0.19311687202212627 0.19311687202212627 0.19311687202212627 
0.784 0.19404483227188488 0.19404483227188488 0.19404483227188488 0.19404483227188488 
0.785 0.1949710669374379 0.1949710669374379 0.1949710669374379 0.1949710669374379 
0.786 0.1958955104436996 0.1958955104436996 0.1958955104436996 0.1958955104436996 
0.787 0.19681809734037065 0.19681809734037065 0.19681809734037065 0.19681809734037065 
0.788 0.1977387623118808 0.1977387623118808 0.1977387623118808 0.1977387623118808 
0.789 0.19865744018735226 0.19865744018735226 0.19865744018735226 0.19865744018735226 
0.79 0.1995740659505836 0.1995740659505836 0.1995740659505836 0.1995740659505836 
0.791 0.2004885747500527 0.2004885747500527 0.2004885747500527 0.2004885747500527 
0.792 0.2014009019089356 0.2014009019089356 0.2014009019089356 0.2014009019089356 
0.793 0.20231098293514266 0.20231098293514266 0.20231098293514266 0.20231098293514266 
0.794 0.2032187535313686 0.2032187535313686 0.2032187535313686 0.2032187535313686 
0.795 0.2041241496051543 0.2041241496051543 0.2041241496051543 0.2041241496051543 
0.796 0.20502710727896245 0.20502710727896245 0.20502710727896245 0.20502710727896245 
0.797 0.20592756290026074 0.20592756290026074 0.20592756290026074 0.20592756290026074 
0.798 0.20682545305161495 0.20682545305161495 0.20682545305161495 0.20682545305161495 
0.799 0.20772071456078878 0.20772071456078878 0.20772071456078878 0.20772071456078878 
0.8 0.208613284510849 0.208613284510849 0.208613284510849 0.208613284510849 
0.801 0.2095031002502746 0.2095031002502746 0.2095031002502746 0.2095031002502746 
0.802 0.21039009940306802 0.21039009940306802 0.21039009940306802 0.21039009940306802 
0.803 0.2112742198788683 0.2112742198788683 0.2112742198788683 0.2112742198788683 
0.804 0.21215539988306176 0.21215539988306176 0.21215539988306176 0.21215539988306176 
0.805 0.21303357792689245 0.21303357792689245 0.21303357792689245 0.21303357792689245 
0.806 0.21390869283756664 0.21390869283756664 0.21390869283756664 0.21390869283756664 
0.807 0.2147806837683535 0.2147806837683535 0.2147806837683535 0.2147806837683535 
0.808 0.21564949020867807 0.21564949020867807 0.21564949020867807 0.21564949020867807 
0.809 0.21651505199420512 0.21651505199420512 0.21651505199420512 0.21651505199420512 
0.81 0.21737730931691318 0.21737730931691318 0.21737730931691318 0.21737730931691318 
0.811 0.21823620273515676 0.21823620273515676 0.21823620273515676 0.21823620273515676 
0.812 0.2190916731837145 0.2190916731837145 0.2190916731837145 0.2190916731837145 
0.813 0.21994366198382204 0.21994366198382204 0.21994366198382204 0.21994366198382204 
0.814 0.2207921108531884 0.2207921108531884 0.2207921108531884 0.2207921108531884 
0.815 0.2216369619159934 0.2216369619159934 0.2216369619159934 0.2216369619159934 
0.816 0.22247815771286522 0.22247815771286522 0.22247815771286522 0.22247815771286522 
0.817 0.22331564121083508 0.22331564121083508 0.22331564121083508 0.22331564121083508 
0.818 0.22414935581326942 0.22414935581326942 0.22414935581326942 0.22414935581326942 
0.819 0.22497924536977576 0.22497924536977576 0.22497924536977576 0.22497924536977576 
0.82 0.2258052541860821 0.2258052541860821 0.2258052541860821 0.2258052541860821 
0.821 0.22662732703388735 0.22662732703388735 0.22662732703388735 0.22662732703388735 
0.822 0.2274454091606813 0.2274454091606813 0.2274454091606813 0.2274454091606813 
0.823 0.2282594462995319 0.2282594462995319 0.2282594462995319 0.2282594462995319 
0.824 0.22906938467883953 0.22906938467883953 0.22906938467883953 0.22906938467883953 
0.825 0.22987517103205493 0.22987517103205493 0.22987517103205493 0.22987517103205493 
0.826 0.2306767526073597 0.2306767526073597 0.2306767526073597 0.2306767526073597 
0.827 0.2314740771773082 0.2314740771773082 0.2314740771773082 0.2314740771773082 
0.828 0.23226709304842777 0.23226709304842777 0.23226709304842777 0.23226709304842777 
0.829 0.2330557490707775 0.2330557490707775 0.2330557490707775 0.2330557490707775 
0.83 0.23383999464746097 0.23383999464746097 0.23383999464746097 0.23383999464746097 
0.831 0.234619779744095 0.234619779744095 0.234619779744095 0.234619779744095 
0.832 0.2353950548982284 0.2353950548982284 0.2353950548982284 0.2353950548982284 
0.833 0.23616577122871266 0.23616577122871266 0.23616577122871266 0.23616577122871266 
0.834 0.23693188044502084 0.23693188044502084 0.23693188044502084 0.23693188044502084 
0.835 0.2376933348565132 0.2376933348565132 0.2376933348565132 0.2376933348565132 
0.836 0.23845008738164872 0.23845008738164872 0.23845008738164872 0.23845008738164872 
0.837 0.23920209155713867 0.23920209155713867 0.23920209155713867 0.23920209155713867 
0.838 0.23994930154704378 0.23994930154704378 0.23994930154704378 0.23994930154704378 
0.839 0.24069167215180978 0.24069167215180978 0.24069167215180978 0.24069167215180978 
0.84 0.2414291588172426 0.2414291588172426 0.2414291588172426 0.2414291588172426 
0.841 0.24216171764341912 0.24216171764341912 0.24216171764341912 0.24216171764341912 
0.842 0.2428893053935329 0.2428893053935329 0.2428893053935329 0.2428893053935329 
0.843 0.2436118795026738 0.2436118795026738 0.2436118795026738 0.2436118795026738 
0.844 0.2443293980865389 0.2443293980865389 0.2443293980865389 0.2443293980865389 
0.845 0.245041819950072 0.245041819950072 0.245041819950072 0.245041819950072 
0.846 0.2457491045960326 0.2457491045960326 0.2457491045960326 0.2457491045960326 
0.847 0.24645121223349142 0.24645121223349142 0.24645121223349142 0.24645121223349142 
0.848 0.24714810378624935 0.24714810378624935 0.24714810378624935 0.24714810378624935 
0.849 0.24783974090118077 0.24783974090118077 0.24783974090118077 0.24783974090118077 
0.85 0.24852608595649794 0.24852608595649794 0.24852608595649794 0.24852608595649794 
0.851 0.24920710206993532 0.24920710206993532 0.24920710206993532 0.24920710206993532 
0.852 0.24988275310685204 0.24988275310685204 0.24988275310685204 0.24988275310685204 
0.853 0.25055300368825184 0.25055300368825184 0.25055300368825184 0.25055300368825184 
0.854 0.25121781919871666 0.25121781919871666 0.25121781919871666 0.25121781919871666 
0.855 0.25187716579425506 0.25187716579425506 0.25187716579425506 0.25187716579425506 
0.856 0.25253101041006265 0.25253101041006265 0.25253101041006265 0.25253101041006265 
0.857 0.2531793207681926 0.2531793207681926 0.2531793207681926 0.2531793207681926 
0.858 0.2538220653851347 0.2538220653851347 0.2538220653851347 0.2538220653851347 
0.859 0.25445921357930373 0.25445921357930373 0.25445921357930373 0.25445921357930373 
0.86 0.25509073547843175 0.25509073547843175 0.25509073547843175 0.25509073547843175 
0.861 0.25571660202686675 0.25571660202686675 0.25571660202686675 0.25571660202686675 
0.862 0.25633678499277385 0.25633678499277385 0.25633678499277385 0.25633678499277385 
0.863 0.25695125697523874 0.25695125697523874 0.25695125697523874 0.25695125697523874 
0.864 0.2575599914112711 0.2575599914112711 0.2575599914112711 0.2575599914112711 
0.865 0.25816296258270793 0.25816296258270793 0.25816296258270793 0.25816296258270793 
0.866 0.2587601456230148 0.2587601456230148 0.2587601456230148 0.2587601456230148 
0.867 0.25935151652398303 0.25935151652398303 0.25935151652398303 0.25935151652398303 
0.868 0.2599370521423233 0.2599370521423233 0.2599370521423233 0.2599370521423233 
0.869 0.26051673020615274 0.26051673020615274 0.26051673020615274 0.26051673020615274 
0.87 0.26109052932137594 0.26109052932137594 0.26109052932137594 0.26109052932137594 
0.871 0.26165842897795727 0.26165842897795727 0.26165842897795727 0.26165842897795727 
0.872 0.2622204095560841 0.2622204095560841 0.2622204095560841 0.2622204095560841 
0.873 0.26277645233222086 0.26277645233222086 0.26277645233222086 0.26277645233222086 
0.874 0.26332653948505 0.26332653948505 0.26332653948505 0.26332653948505 
0.875 0.26387065410130356 0.26387065410130356 0.26387065410130356 0.26387065410130356 
0.876 0.2644087801814792 0.2644087801814792 0.2644087801814792 0.2644087801814792 
0.877 0.26494090264544307 0.26494090264544307 0.26494090264544307 0.26494090264544307 
0.878 0.2654670073379197 0.2654670073379197 0.2654670073379197 0.2654670073379197 
0.879 0.2659870810338633 0.2659870810338633 0.2659870810338633 0.2659870810338633 
0.88 0.26650111144371474 0.26650111144371474 0.26650111144371474 0.26650111144371474 
0.881 0.2670090872185421 0.2670090872185421 0.2670090872185421 0.2670090872185421 
0.882 0.2675109979550617 0.2675109979550617 0.2675109979550617 0.2675109979550617 
0.883 0.2680068342005427 0.2680068342005427 0.2680068342005427 0.2680068342005427 
0.884 0.2684965874575922 0.2684965874575922 0.2684965874575922 0.2684965874575922 
0.885 0.2689802501888214 0.2689802501888214 0.2689802501888214 0.2689802501888214 
0.886 0.2694578158213922 0.2694578158213922 0.2694578158213922 0.2694578158213922 
0.887 0.2699292787514441 0.2699292787514441 0.2699292787514441 0.2699292787514441 
0.888 0.2703946343484008 0.2703946343484008 0.2703946343484008 0.2703946343484008 
0.889 0.27085387895915586 0.27085387895915586 0.27085387895915586 0.27085387895915586 
0.89 0.2713070099121391 0.2713070099121391 0.2713070099121391 0.2713070099121391 
0.891 0.2717540255212611 0.2717540255212611 0.2717540255212611 0.2717540255212611 
0.892 0.2721949250897378 0.2721949250897378 0.2721949250897378 0.2721949250897378 
0.893 0.2726297089137938 0.2726297089137938 0.2726297089137938 0.2726297089137938 
0.894 0.27305837828624646 0.27305837828624646 0.27305837828624646 0.27305837828624646 
0.895 0.2734809354999678 0.2734809354999678 0.2734809354999678 0.2734809354999678 
0.896 0.273897383851228 0.273897383851228 0.273897383851228 0.273897383851228 
0.897 0.2743077276429188 0.2743077276429188 0.2743077276429188 0.2743077276429188 
0.898 0.2747119721876568 0.2747119721876568 0.2747119721876568 0.2747119721876568 
0.899 0.27511012381076966 0.27511012381076966 0.27511012381076966 0.27511012381076966 
0.9 0.27550218985316205 0.27550218985316205 0.27550218985316205 0.27550218985316205 
0.901 0.2758881786740656 0.2758881786740656 0.2758881786740656 0.2758881786740656 
0.902 0.27626809965367216 0.27626809965367216 0.27626809965367216 0.27626809965367216 
0.903 0.2766419631956496 0.2766419631956496 0.2766419631956496 0.2766419631956496 
0.904 0.27700978072954463 0.27700978072954463 0.27700978072954463 0.27700978072954463 
0.905 0.27737156471306984 0.27737156471306984 0.27737156471306984 0.27737156471306984 
0.906 0.2777273286342789 0.2777273286342789 0.2777273286342789 0.2777273286342789 
0.907 0.2780770870136296 0.2780770870136296 0.2780770870136296 0.2780770870136296 
0.908 0.2784208554059372 0.2784208554059372 0.2784208554059372 0.2784208554059372 
0.909 0.278758650402217 0.278758650402217 0.278758650402217 0.278758650402217 
0.91 0.2790904896314218 0.2790904896314218 0.2790904896314218 0.2790904896314218 
0.911 0.27941639176207095 0.27941639176207095 0.27941639176207095 0.27941639176207095 
0.912 0.2797363765037768 0.2797363765037768 0.2797363765037768 0.2797363765037768 
0.913 0.2800504646086674 0.2800504646086674 0.2800504646086674 0.2800504646086674 
0.914 0.2803586778727096 0.2803586778727096 0.2803586778727096 0.2803586778727096 
0.915 0.28066103913693213 0.28066103913693213 0.28066103913693213 0.28066103913693213 
0.916 0.28095757228855284 0.28095757228855284 0.28095757228855284 0.28095757228855284 
0.917 0.2812483022620113 0.2812483022620113 0.2812483022620113 0.2812483022620113 
0.918 0.2815332550399088 0.2815332550399088 0.2815332550399088 0.2815332550399088 
0.919 0.2818124576538588 0.2818124576538588 0.2818124576538588 0.2818124576538588 
0.92 0.28208593818524963 0.28208593818524963 0.28208593818524963 0.28208593818524963 
0.921 0.28235372576592266 0.28235372576592266 0.28235372576592266 0.28235372576592266 
0.922 0.28261585057876787 0.28261585057876787 0.28261585057876787 0.28261585057876787 
0.923 0.28287234385824006 0.28287234385824006 0.28287234385824006 0.28287234385824006 
0.924 0.2831232378907988 0.2831232378907988 0.2831232378907988 0.2831232378907988 
0.925 0.28336856601527494 0.28336856601527494 0.28336856601527494 0.28336856601527494 
0.926 0.2836083626231659 0.2836083626231659 0.2836083626231659 0.2836083626231659 
0.927 0.28384266315886403 0.28384266315886403 0.28384266315886403 0.28384266315886403 
0.928 0.2840715041198213 0.2840715041198213 0.2840715041198213 0.2840715041198213 
0.929 0.28429492305665294 0.28429492305665294 0.28429492305665294 0.28429492305665294 
0.93 0.2845129585731834 0.2845129585731834 0.2845129585731834 0.2845129585731834 
0.931 0.28472565032643987 0.28472565032643987 0.28472565032643987 0.28472565032643987 
0.932 0.28493303902659495 0.28493303902659495 0.28493303902659495 0.28493303902659495 
0.933 0.2851351664368633 0.2851351664368633 0.2851351664368633 0.2851351664368633 
0.934 0.28533207537335586 0.28533207537335586 0.28533207537335586 0.28533207537335586 
0.935 0.28552380970489616 0.28552380970489616 0.28552380970489616 0.28552380970489616 
0.936 0.28571041435280115 0.28571041435280115 0.28571041435280115 0.28571041435280115 
0.937 0.28589193529063295 0.28589193529063295 0.28589193529063295 0.28589193529063295 
0.938 0.28606841954392304 0.28606841954392304 0.28606841954392304 0.28606841954392304 
0.939 0.28623991518987635 0.28623991518987635 0.28623991518987635 0.28623991518987635 
0.94 0.28640647135705577 0.28640647135705577 0.28640647135705577 0.28640647135705577 
0.941 0.2865681382250548 0.2865681382250548 0.2865681382250548 0.2865681382250548 
0.942 0.2867249670241607 0.2867249670241607 0.2867249670241607 0.2867249670241607 
0.943 0.28687701003501415 0.28687701003501415 0.28687701003501415 0.28687701003501415 
0.944 0.2870243205882683 0.2870243205882683 0.2870243205882683 0.2870243205882683 
0.945 0.28716695306425305 0.28716695306425305 0.28716695306425305 0.28716695306425305 
0.946 0.2873049628926491 0.2873049628926491 0.2873049628926491 0.2873049628926491 
0.947 0.2874384065521763 0.2874384065521763 0.2874384065521763 0.2874384065521763 
0.948 0.28756734157029884 0.28756734157029884 0.28756734157029884 0.28756734157029884 
0.949 0.28769182652295827 0.28769182652295827 0.28769182652295827 0.28769182652295827 
0.95 0.2878119210343301 0.2878119210343301 0.2878119210343301 0.2878119210343301 
0.951 0.2879276857766172 0.2879276857766172 0.2879276857766172 0.2879276857766172 
0.952 0.28803918246987814 0.28803918246987814 0.28803918246987814 0.28803918246987814 
0.953 0.28814647388189985 0.28814647388189985 0.28814647388189985 0.28814647388189985 
0.954 0.28824962382811686 0.28824962382811686 0.28824962382811686 0.28824962382811686 
0.955 0.2883486971715833 0.2883486971715833 0.2883486971715833 0.2883486971715833 
0.956 0.28844375982299814 0.28844375982299814 0.28844375982299814 0.28844375982299814 
0.957 0.2885348787407962 0.2885348787407962 0.2885348787407962 0.2885348787407962 
0.958 0.28862212193130105 0.28862212193130105 0.28862212193130105 0.28862212193130105 
0.959 0.2887055584489487 0.2887055584489487 0.2887055584489487 0.2887055584489487 
0.96 0.28878525839658653 0.28878525839658653 0.28878525839658653 0.28878525839658653 
0.961 0.2888612929258495 0.2888612929258495 0.2888612929258495 0.2888612929258495 
0.962 0.28893373423761937 0.28893373423761937 0.28893373423761937 0.28893373423761937 
0.963 0.28900265558257004 0.28900265558257004 0.28900265558257004 0.28900265558257004 
0.964 0.28906813126180386 0.28906813126180386 0.28906813126180386 0.28906813126180386 
0.965 0.2891302366275819 0.2891302366275819 0.2891302366275819 0.2891302366275819 
0.966 0.2891890480841506 0.2891890480841506 0.2891890480841506 0.2891890480841506 
0.967 0.28924464308867043 0.28924464308867043 0.28924464308867043 0.28924464308867043 
0.968 0.28929710015224785 0.28929710015224785 0.28929710015224785 0.28929710015224785 
0.969 0.2893464988410735 0.2893464988410735 0.2893464988410735 0.2893464988410735 
0.97 0.28939291977766995 0.28939291977766995 0.28939291977766995 0.28939291977766995 
0.971 0.2894364446422517 0.2894364446422517 0.2894364446422517 0.2894364446422517 
0.972 0.289477156174197 0.289477156174197 0.289477156174197 0.289477156174197 
0.973 0.2895151381736366 0.2895151381736366 0.2895151381736366 0.2895151381736366 
0.974 0.2895504755031583 0.2895504755031583 0.2895504755031583 0.2895504755031583 
0.975 0.2895832540896289 0.2895832540896289 0.2895832540896289 0.2895832540896289 
0.976 0.2896135609261355 0.2896135609261355 0.2896135609261355 0.2896135609261355 
0.977 0.2896414840740436 0.2896414840740436 0.2896414840740436 0.2896414840740436 
0.978 0.2896671126651757 0.2896671126651757 0.2896671126651757 0.2896671126651757 
0.979 0.289690536904105 0.289690536904105 0.289690536904105 0.289690536904105 
0.98 0.28971184807056877 0.28971184807056877 0.28971184807056877 0.28971184807056877 
0.981 0.28973113852199345 0.28973113852199345 0.28973113852199345 0.28973113852199345 
0.982 0.2897485016961344 0.2897485016961344 0.2897485016961344 0.2897485016961344 
0.983 0.2897640321138257 0.2897640321138257 0.2897640321138257 0.2897640321138257 
0.984 0.28977782538183583 0.28977782538183583 0.28977782538183583 0.28977782538183583 
0.985 0.2897899781958263 0.2897899781958263 0.2897899781958263 0.2897899781958263 
0.986 0.2898005883434095 0.2898005883434095 0.2898005883434095 0.2898005883434095 
0.987 0.28980975470729736 0.28980975470729736 0.28980975470729736 0.28980975470729736 
0.988 0.28981757726853963 0.28981757726853963 0.28981757726853963 0.28981757726853963 
0.989 0.2898241571098397 0.2898241571098397 0.2898241571098397 0.2898241571098397 
0.99 0.28982959641894485 0.28982959641894485 0.28982959641894485 0.28982959641894485 
0.991 0.2898339984921002 0.2898339984921002 0.2898339984921002 0.2898339984921002 
0.992 0.2898374677375576 0.2898374677375576 0.2898374677375576 0.2898374677375576 
0.993 0.28984010967912965 0.28984010967912965 0.28984010967912965 0.28984010967912965 
0.994 0.28984203095977745 0.28984203095977745 0.28984203095977745 0.28984203095977745 
0.995 0.28984333934522155 0.28984333934522155 0.28984333934522155 0.28984333934522155 
0.996 0.28984414372755923 0.28984414372755923 0.28984414372755923 0.28984414372755923 
0.997 0.28984455412888044 0.28984455412888044 0.28984455412888044 0.28984455412888044 
0.998 0.28984468170485933 0.28984468170485933 0.28984468170485933 0.28984468170485933 
0.999 0.28984463874831295 0.28984463874831295 0.28984463874831295 0.28984463874831295 
1.0 0.2898445386927036 0.2898445386927036 0.2898445386927036 0.2898445386927036 
