0.0 0.9452110369325486 0.9503723370619936 0.9551724129283684 0.957091165731497 
0.001 0.9452110367450485 0.9503723368663026 0.9551724127233158 0.9570911655228493 
0.002 0.9452110362231277 0.9503723363363764 0.9551724121826565 0.9570911649774045 
0.003 0.9452110350726773 0.9503723351946977 0.9551724110445677 0.9570911638380564 
0.004 0.9452110328538987 0.9503723330261912 0.9551724089174403 0.9570911617200989 
0.005 0.945211028982802 0.9503723292796262 0.9551724052810685 0.9570911581126543 
0.006 0.9452110227326938 0.9503723232690411 0.9551723994881475 0.9570911523798926 
0.007 0.9452110132356811 0.9503723141751669 0.9551723907654556 0.9570911437623425 
0.008 0.9452109994841598 0.950372301046816 0.9551723782153144 0.9570911313782708 
0.009 0.9452109803323127 0.9503722828023319 0.955172360816848 0.9570911142248351 
0.01 0.9452109544976028 0.950372258230987 0.955172337427407 0.9570910911797043 
0.011 0.9452109205622671 0.9503722259943953 0.9551723067838319 0.9570910610020958 
0.012 0.945210876974806 0.950372184627948 0.9551722675038576 0.9570910223342575 
0.013 0.9452108220514827 0.9503721325422073 0.9551722180874316 0.9570909737028014 
0.014 0.9452107539778056 0.9503720680243469 0.9551721569180881 0.9570909135197851 
0.015 0.9452106708100242 0.9503719892395444 0.9551720822642336 0.9570908400844903 
0.016 0.945210570476616 0.9503718942324121 0.9551719922805786 0.9570907515842754 
0.017 0.9452104507797755 0.9503717809284122 0.9551718850093865 0.9570906460960686 
0.018 0.9452103093968973 0.9503716471352616 0.9551717583819239 0.9570905215880352 
0.019 0.945210143882065 0.9503714905443567 0.9551716102197316 0.9570903759202276 
0.02 0.9452099516675312 0.9503713087321755 0.955171438235995 0.9570902068465224 
0.021 0.9452097300652015 0.950371099161695 0.955171240036912 0.9570900120156357 
0.022 0.9452094762681116 0.9503708591838056 0.9551710131229793 0.9570897889725443 
0.023 0.945209187351907 0.9503705860387085 0.9551707548904175 0.9570895351596521 
0.024 0.9452088602763158 0.9503702768573362 0.9551704626324389 0.9570892479183957 
0.025 0.9452084918866258 0.9503699286627494 0.9551701335406194 0.9570889244903558 
0.026 0.9452080789151501 0.9503695383715393 0.9551697647063013 0.9570885620186516 
0.027 0.9452076179827001 0.9503691027952437 0.9551693531218296 0.9570881575492279 
0.028 0.9452071056000472 0.9503686186417274 0.9551688956819504 0.9570877080321354 
0.029 0.9452065381693867 0.950368082516595 0.9551683891851085 0.9570872103230214 
0.03 0.9452059119857988 0.9503674909245814 0.9551678303348344 0.9570866611842547 
0.031 0.945205223238702 0.9503668402709426 0.9551672157410672 0.957086057286247 
0.032 0.9452044680133089 0.9503661268628499 0.9551665419214783 0.9570853952089683 
0.033 0.9452036422920743 0.9503653469107707 0.955165805302708 0.957084671443061 
0.034 0.9452027419561407 0.95036449652986 0.9551650022218943 0.9570838823911025 
0.035 0.9452017627867842 0.9503635717413403 0.9551641289278313 0.9570830243691885 
0.036 0.9452007004668473 0.9503625684738731 0.9551631815823057 0.9570820936078741 
0.037 0.94519955058218 0.9503614825649398 0.9551621562615213 0.9570810862537691 
0.038 0.9451983086230645 0.9503603097622147 0.9551610489572712 0.9570799983707211 
0.039 0.9451969699856436 0.9503590457249247 0.9551598555783405 0.9570788259410328 
0.04 0.9451955299733431 0.9503576860252134 0.9551585719518696 0.9570775648669179 
0.041 0.9451939837982867 0.9503562261495079 0.9551571938244842 0.9570762109716043 
0.042 0.945192326582711 0.9503546614998649 0.9551557168637548 0.9570747600007683 
0.043 0.9451905533603696 0.9503529873953308 0.955154136659412 0.9570732076237696 
0.044 0.9451886590779377 0.9503511990732747 0.9551524487247061 0.957071549434813 
0.045 0.9451866385964097 0.9503492916907448 0.9551506484976091 0.957069780954466 
0.046 0.945184486692488 0.9503472603257902 0.9551487313421845 0.9570678976306982 
0.047 0.9451821980599748 0.9503450999788079 0.9551466925498504 0.9570658948402023 
0.048 0.9451797673111474 0.9503428055738613 0.9551445273405577 0.9570637678897462 
0.049 0.9451771889781356 0.9503403719599949 0.9551422308642433 0.9570615120172286 
0.05 0.9451744575142944 0.9503377939125697 0.955139798201939 0.9570591223932318 
0.051 0.9451715672955613 0.9503350661345511 0.9551372243670841 0.9570565941221425 
0.052 0.9451685126218187 0.9503321832578344 0.9551345043068297 0.9570539222429673 
0.053 0.9451652877182432 0.9503291398445338 0.9551316329032439 0.9570511017312622 
0.054 0.9451618867366485 0.9503259303882727 0.9551286049745188 0.9570481275000791 
0.055 0.9451583037568293 0.9503225493154819 0.9551254152762825 0.957044994400929 
0.056 0.9451545327878855 0.9503189909866735 0.9551220585028579 0.957041697225341 
0.057 0.9451505677695528 0.9503152496977171 0.9551185292883787 0.9570382307060015 
0.058 0.9451464025735196 0.9503113196811077 0.9551148222080822 0.9570345895178286 
0.059 0.9451420310047373 0.9503071951072356 0.9551109317795413 0.9570307682792596 
0.06 0.9451374468027252 0.9503028700856296 0.9551068524638557 0.957026761553557 
0.061 0.9451326436428688 0.9502983386662182 0.9551025786668438 0.9570225638497523 
0.062 0.9451276151377069 0.9502935948405626 0.9550981047402344 0.9570181696240881 
0.063 0.9451223548382164 0.9502886325431005 0.9550934249829077 0.9570135732809291 
0.064 0.9451168562350867 0.9502834456523586 0.9550885336420452 0.9570087691741562 
0.065 0.9451111127599869 0.9502780279921982 0.9550834249142955 0.9570037516083183 
0.066 0.945105117786826 0.9502723733330081 0.9550780929469342 0.9569985148395445 
0.067 0.9450988646330053 0.9502664753929153 0.9550725318391502 0.9569930530769267 
0.068 0.9450923465606592 0.9502603278389932 0.9550667356430032 0.9569873604836959 
0.069 0.9450855567778982 0.9502539242884396 0.9550606983647235 0.9569814311781308 
0.07 0.9450784884400308 0.9502472583097743 0.955054413965821 0.9569752592348709 
0.071 0.9450711346507867 0.9502403234240032 0.9550478763641808 0.9569688386859854 
0.072 0.9450634884635287 0.9502331131057906 0.9550410794352299 0.9569621635220231 
0.073 0.9450555428824563 0.9502256207846274 0.9550340170130867 0.9569552276933172 
0.074 0.945047290863799 0.9502178398459642 0.9550266828915395 0.9569480251107152 
0.075 0.9450387253170061 0.9502097636323779 0.9550190708253073 0.9569405496471939 
0.076 0.9450298391059253 0.9502013854446931 0.9550111745311033 0.9569327951382841 
0.077 0.9450206250499704 0.9501926985431178 0.955002987688656 0.9569247553838409 
0.078 0.9450110759252838 0.9501836961483546 0.9549945039418137 0.9569164241485865 
0.079 0.9450011844658893 0.9501743714427188 0.954985716899657 0.9569077951634357 
0.08 0.9449909433648386 0.9501647175712374 0.954976620137561 0.956898862126446 
0.081 0.9449803452753407 0.9501547276427563 0.9549672071981878 0.9568896187038852 
0.082 0.9449693828118947 0.9501443947310004 0.954957471592589 0.9568800585313013 
0.083 0.9449580485514033 0.9501337118756774 0.9549474068012944 0.9568701752145056 
0.084 0.9449463350342814 0.9501226720835264 0.9549370062751998 0.95685996233049 
0.085 0.9449342347655615 0.9501112683293996 0.9549262634367331 0.956849413428795 
0.086 0.9449217402159759 0.9500994935572878 0.9549151716808304 0.9568385220319559 
0.087 0.9449088438230422 0.9500873406813817 0.9549037243758122 0.9568272816372074 
0.088 0.9448955379921434 0.9500748025871011 0.9548919148646331 0.9568156857166346 
0.089 0.9448818150975744 0.9500618721321218 0.9548797364656736 0.9568037277189354 
0.09 0.9448676674836151 0.9500485421473778 0.9548671824737877 0.956791401069877 
0.091 0.9448530874655624 0.9500348054380923 0.954854246161218 0.9567786991733946 
0.092 0.944838067330774 0.9500206547847593 0.9548409207786881 0.9567656154127054 
0.093 0.9448225993396894 0.9500060829441346 0.9548271995562536 0.956752143150936 
0.094 0.9448066757268524 0.949991082650222 0.9548130757042226 0.9567382757324306 
0.095 0.944790288701918 0.9499756466152366 0.954798542414202 0.9567240064832857 
0.096 0.9447734304506508 0.9499597675305805 0.9547835928599632 0.9567093287126631 
0.097 0.9447560931359171 0.9499434380677795 0.9547682201983283 0.956694235713305 
0.098 0.9447382688986643 0.9499266508794411 0.954752417570159 0.9566787207627575 
0.099 0.9447199498588905 0.9499093986001836 0.9547361781011706 0.9566627771241922 
0.1 0.9447011281166102 0.9498916738475598 0.95471949490294 0.9566463980469279 
0.101 0.9446817957528075 0.9498734692229865 0.9547023610736864 0.9566295767679741 
0.102 0.9446619448303772 0.9498547773126333 0.9546847696991342 0.9566123065122651 
0.103 0.9446415673950594 0.9498355906883408 0.95466671385351 0.9565945804938766 
0.104 0.9446206554763671 0.9498159019084979 0.9546481866002758 0.9565763919167722 
0.105 0.9445992010885017 0.9497957035189271 0.9546291809930737 0.9565577339756695 
0.106 0.9445771962312582 0.9497749880537649 0.9546096900763874 0.9565385998567091 
0.107 0.9445546328909271 0.9497537480363041 0.9545897068866501 0.9565189827386639 
0.108 0.9445315030411741 0.949731975979871 0.9545692244527992 0.9564988757931601 
0.109 0.9445077986439303 0.9497096643886553 0.9545482357972903 0.9564782721861497 
0.11 0.9444835116502547 0.9496868057585492 0.9545267339367411 0.9564571650780721 
0.111 0.9444586340011983 0.9496633925779814 0.9545047118828641 0.9564355476251301 
0.112 0.9444331576286575 0.9496394173287241 0.9544821626431826 0.9564134129798869 
0.113 0.9444070744562127 0.949614872486714 0.9544590792217615 0.9563907542919193 
0.114 0.9443803763999656 0.9495897505228416 0.9544354546201255 0.9563675647086906 
0.115 0.9443530553693618 0.949564043903749 0.954411281837867 0.9563438373764382 
0.116 0.9443251032680117 0.9495377450926157 0.9543865538734665 0.9563195654406024 
0.117 0.9442965119944903 0.9495108465499206 0.9543612637250227 0.9562947420468303 
0.118 0.9442672734431405 0.949483340734223 0.9543354043910292 0.956269360341555 
0.119 0.9442373795048602 0.9494552201029022 0.954308968871069 0.9562434134727549 
0.12 0.944206822067884 0.9494264771129249 0.954281950166444 0.956216894590736 
0.121 0.944175593018553 0.9493971042215573 0.9542543412810469 0.9561897968486873 
0.122 0.9441436842420785 0.9493670938871268 0.9542261352219843 0.9561621134035067 
0.123 0.944111087623298 0.9493364385697218 0.9541973250001907 0.9561338374163778 
0.124 0.9440777950474167 0.949305130731908 0.9541679036313108 0.9561049620535191 
0.125 0.9440437984007511 0.9492731628394415 0.9541378641361068 0.9560754804868151 
0.126 0.9440090895714496 0.9492405273619592 0.9541071995413872 0.956045385894547 
0.127 0.9439736604502177 0.9492072167736693 0.9540759028804825 0.9560146714618903 
0.128 0.9439375029310271 0.9491732235540289 0.9540439671939841 0.9559833303816593 
0.129 0.9439006089118189 0.9491385401884129 0.9540113855303682 0.9559513558549301 
0.13 0.9438629702952029 0.9491031591687868 0.9539781509466435 0.955918741091813 
0.131 0.9438245789891354 0.9490670729943484 0.9539442565088672 0.9558854793117343 
0.132 0.9437854269076047 0.9490302741721872 0.9539096952929692 0.9558515637442953 
0.133 0.9437455059712997 0.9489927552179158 0.9538744603851536 0.9558169876297904 
0.134 0.9437048081082687 0.948954508656298 0.9538385448826667 0.9557817442198948 
0.135 0.9436633252545761 0.9489155270218848 0.9538019418942473 0.9557458267782567 
0.136 0.943621049354949 0.9488758028596076 0.9537646445408594 0.9557092285807018 
0.137 0.9435779723634126 0.948835328725408 0.9537266459561354 0.955671942916441 
0.138 0.9435340862439211 0.948794097186823 0.9536879392869858 0.9556339630880407 
0.139 0.9434893829709826 0.948752100823578 0.9536485176942309 0.9555952824123931 
0.14 0.9434438545302702 0.9487093322281754 0.9536083743530739 0.9555558942211053 
0.141 0.9433974929192291 0.9486657840064658 0.9535675024536924 0.9555157918608905 
0.142 0.9433502901476792 0.9486214487782204 0.9535258952017892 0.9554749686943664 
0.143 0.943302238238403 0.9485763191776901 0.9534835458190484 0.9554334181005194 
0.144 0.9432533292277319 0.9485303878541558 0.9534404475437526 0.9553911334750087 
0.145 0.9432035551661235 0.948483647472488 0.9533965936312404 0.9553481082310057 
0.146 0.9431529081187271 0.9484360907136601 0.9533519773544308 0.9553043357994558 
0.147 0.9431013801659516 0.9483877102753105 0.9533065920043716 0.955259809629492 
0.148 0.9430489634040166 0.9483384988722431 0.953260430890668 0.9552145231893783 
0.149 0.9429956499454993 0.9482884492369639 0.9532134873420176 0.9551684699664833 
0.15 0.9429414319198806 0.9482375541201719 0.953165754706659 0.9551216434680452 
0.151 0.9428863014740709 0.9481858062912821 0.9531172263528563 0.9550740372216083 
0.152 0.9428302507729444 0.948133198538904 0.9530678956694395 0.9550256447753227 
0.153 0.9427732719998528 0.9480797236713459 0.9530177560661 0.9549764596986675 
0.154 0.9427153573571431 0.9480253745170885 0.9529668009740705 0.9549264755826209 
0.155 0.9426564990666586 0.9479701439252664 0.9529150238463105 0.9548756860402853 
0.156 0.9425966893702448 0.9479140247661356 0.9528624181582407 0.9548240847072781 
0.157 0.9425359205302356 0.947857009931536 0.952808977407918 0.954771665242115 
0.158 0.9424741848299452 0.9477990923353498 0.9527546951165768 0.9547184213267974 
0.159 0.9424114745741449 0.9477402649139511 0.9526995648291287 0.9546643466669105 
0.16 0.9423477820895366 0.9476805206266424 0.952643580114406 0.9546094349923967 
0.161 0.9422830997252217 0.9476198524561051 0.9525867345657159 0.9545536800576612 
0.162 0.9422174198531588 0.9475582534088224 0.9525290218011623 0.9544970756422644 
0.163 0.9421507348686226 0.9474957165155072 0.9524704354640758 0.954439615550941 
0.164 0.9420830371906468 0.9474322348315144 0.9524109692234186 0.9543812936143189 
0.165 0.9420143192624727 0.9473678014372624 0.952350616774116 0.9543221036891347 
0.166 0.94194457355198 0.9473024094386349 0.9522893718375032 0.9542620396586792 
0.167 0.9418737925521197 0.9472360519673838 0.9522272281616285 0.9542010954330785 
0.168 0.9418019687813373 0.9471687221815202 0.9521641795216916 0.9541392649498154 
0.169 0.9417290947839944 0.9471004132657123 0.9521002197203935 0.954076542173808 
0.17 0.9416551631307756 0.9470311184316547 0.952035342588171 0.9540129210980701 
0.171 0.9415801664191034 0.9469608309184646 0.9519695419837522 0.9539483957438439 
0.172 0.9415040972735303 0.9468895439930293 0.951902811794332 0.9538829601611439 
0.173 0.9414269483461442 0.9468172509504031 0.9518351459360095 0.9538166084287418 
0.174 0.9413487123169507 0.9467439451141428 0.9517665383540385 0.9537493346548701 
0.175 0.9412693818942631 0.94666961983667 0.9516969830232498 0.9536811329773545 
0.176 0.9411889498150777 0.9465942684996327 0.9516264739483198 0.9536119975639876 
0.177 0.9411074088454537 0.9465178845142336 0.9515550051640608 0.9535419226127311 
0.178 0.9410247517808719 0.9464404613215807 0.9514825707358348 0.9534709023523396 
0.179 0.940940971446609 0.9463619923930193 0.9514091647596865 0.9533989310420854 
0.18 0.9408560606980891 0.9462824712304544 0.9513347813628735 0.9533260029726986 
0.181 0.9407700124212391 0.946201891366683 0.9512594147039666 0.9532521124662922 
0.182 0.9406828195328355 0.9461202463657143 0.951183058973216 0.9531772538766194 
0.183 0.9405944749808469 0.9460375298230741 0.9511057083928526 0.9531014215896098 
0.184 0.9405049717447749 0.9459537353661183 0.9510273572173813 0.9530246100233941 
0.185 0.9404143028359823 0.9458688566543427 0.950947999733793 0.9529468136287786 
0.186 0.9403224612980239 0.9457828873796711 0.9508676302619299 0.9528680268891937 
0.187 0.9402294402069689 0.9456958212667587 0.9507862431546037 0.9527882443215324 
0.188 0.9401352326717222 0.9456076520732782 0.9507038327980243 0.9527074604757643 
0.189 0.940039831834331 0.9455183735901995 0.9506203936119898 0.952625669935493 
0.19 0.9399432308702995 0.945427979642083 0.9505359200500981 0.9525428673184065 
0.191 0.9398454229888907 0.9453364640873375 0.9504504066000614 0.9524590472761058 
0.192 0.9397464014334246 0.9452438208185048 0.9503638477838894 0.9523742044945068 
0.193 0.9396461594815774 0.9451500437625182 0.9502762381582289 0.9522883336944035 
0.194 0.939544690445664 0.9450551268809693 0.9501875723144266 0.9522014296311303 
0.195 0.9394419876729307 0.944959064170361 0.9500978448789461 0.9521134870950778 
0.196 0.9393380445458321 0.9448618496623549 0.9500070505134697 0.9520245009119989 
0.197 0.9392328544823083 0.9447634774240338 0.9499151839151506 0.9519344659430931 
0.198 0.939126410936059 0.9446639415581282 0.949822239816897 0.9518433770852337 
0.199 0.9390187073968059 0.9445632362032701 0.9497282129874853 0.9517512292713802 
0.2 0.9389097373905623 0.9444613555342191 0.9496330982317617 0.9516580174702439 
0.201 0.9387994944798858 0.9443582937620891 0.9495368903909934 0.9515637366871077 
0.202 0.9386879722641361 0.9442540451345887 0.9494395843428886 0.9514683819637537 
0.203 0.9385751643797231 0.9441486039362263 0.9493411750018986 0.9513719483784916 
0.204 0.9384610645003545 0.9440419644885393 0.9492416573194089 0.9512744310465943 
0.205 0.9383456663372737 0.9439341211502954 0.9491410262838177 0.951175825120567 
0.206 0.9382289636394967 0.9438250683177143 0.9490392769208412 0.951076125789816 
0.207 0.9381109501940471 0.9437148004246618 0.9489364042936895 0.9509753282814478 
0.208 0.9379916198261834 0.9436033119428522 0.9488324035031427 0.9508734278600132 
0.209 0.9378709663996206 0.9434905973820465 0.9487272696877648 0.9507704198278597 
0.21 0.9377489838167521 0.9433766512902433 0.9486209980241309 0.950666299525247 
0.211 0.937625666018861 0.9432614682538594 0.9485135837268993 0.9505610623304772 
0.212 0.937501006986334 0.943145042897919 0.9484050220489852 0.9504547036600858 
0.213 0.9373750007388658 0.9430273698862321 0.9482953082818005 0.9503472189689947 
0.214 0.9372476413356635 0.9429084439215645 0.9481844377552683 0.95023860375061 
0.215 0.9371189228756379 0.942788259745808 0.9480724058380431 0.9501288535369901 
0.216 0.936988839497604 0.9426668121401474 0.9479592079376512 0.9500179638990472 
0.217 0.9368573853804657 0.9425440959252217 0.9478448395006137 0.949905930446491 
0.218 0.9367245547433962 0.9424201059612748 0.9477292960125696 0.9497927488281769 
0.219 0.9365903418460233 0.9422948371483136 0.9476125729983811 0.9496784147321227 
0.22 0.9364547409886036 0.9421682844262563 0.9474946660223231 0.9495629238855541 
0.221 0.9363177465121888 0.9420404427750665 0.9473755706881357 0.9494462720552047 
0.222 0.936179352798795 0.9419113072148972 0.9472552826391677 0.9493284550472717 
0.223 0.9360395542715636 0.9417808728062305 0.9471337975584242 0.9492094687075313 
0.224 0.9358983453949156 0.9416491346499846 0.9470111111687982 0.9490893089214861 
0.225 0.9357557206747005 0.9415160878876676 0.9468872192330303 0.9489679716144668 
0.226 0.9356116746583525 0.9413817277014782 0.9467621175538941 0.9488454527517719 
0.227 0.9354662019350204 0.941246049314413 0.9466358019742729 0.9487217483384359 
0.228 0.9353192971357136 0.9411090479903992 0.9465082683771237 0.9485968544198996 
0.229 0.9351709549334278 0.9409707190343805 0.9463795126857952 0.948470767081494 
0.23 0.9350211700432739 0.9408310577924167 0.9462495308638662 0.9483434824488368 
0.231 0.9348699372225986 0.940690059651793 0.9461183189153343 0.9482149966878157 
0.232 0.9347172512711 0.9405477200410893 0.945985872884643 0.9480853060046746 
0.233 0.9345631070309385 0.9404040344302744 0.9458521888567796 0.9479544066459552 
0.234 0.934407499386841 0.9402589983307837 0.9457172629573053 0.9478222948988179 
0.235 0.9342504232661999 0.9401126072955851 0.9455810913523544 0.947688967090724 
0.236 0.934091873639167 0.9399648569192506 0.9454436702487141 0.9475544195898237 
0.237 0.9339318455187404 0.939815742838017 0.9453049958939052 0.9474186488045806 
0.238 0.9337703339608451 0.9396652607298325 0.9451650645761602 0.9472816511842586 
0.239 0.933607334064409 0.9395134063144187 0.9450238726243877 0.9471434232186158 
0.24 0.9334428409714313 0.9393601753532913 0.9448814164083618 0.9470039614379814 
0.241 0.9332768498670433 0.9392055636498194 0.9447376923385048 0.9468632624134433 
0.242 0.9331093559795653 0.9390495670492339 0.9445926968661364 0.9467213227565955 
0.243 0.9329403545805545 0.9388921814386664 0.9444464264832366 0.9465781391196203 
0.244 0.9327698409848453 0.9387334027471399 0.944298877722612 0.9464337081953997 
0.245 0.9325978105505834 0.9385732269456037 0.9441500471577668 0.9462880267172628 
0.246 0.9324242586792534 0.9384116500469107 0.9439999314028928 0.9461410914591986 
0.247 0.9322491808156953 0.9382486681058231 0.9438485271129496 0.9459928992356446 
0.248 0.932072572448116 0.9380842772189864 0.9436958309834783 0.9458434469015271 
0.249 0.931894429108092 0.9379184735249083 0.9435418397506113 0.9456927313521344 
0.25 0.9317147463705608 0.937751253203931 0.9433865501910186 0.9455407495231796 
0.251 0.9315335198538077 0.9375826124781788 0.9432299591217872 0.9453874983905776 
0.252 0.9313507452194396 0.9374125476115132 0.9430720634004846 0.9452329749704924 
0.253 0.9311664181723519 0.9372410549094692 0.9429128599248646 0.9450771763192345 
0.254 0.9309805344606831 0.9370681307191909 0.942752345632987 0.9449200995330074 
0.255 0.930793089875762 0.9368937714293357 0.9425905175029659 0.9447617417480312 
0.256 0.9306040802520433 0.9367179734699976 0.9424273725528909 0.9446021001402439 
0.257 0.9304135014670276 0.9365407333126 0.9422629078406474 0.9444411719252284 
0.258 0.9302213494411805 0.9363620474697758 0.9420971204640388 0.9442789543581519 
0.259 0.9300276201378266 0.9361819124952522 0.9419300075601271 0.9441154447334856 
0.26 0.9298323095630415 0.9360003249836929 0.9417615663056287 0.9439506403848069 
0.261 0.929635413765528 0.9358172815705696 0.9415917939163194 0.9437845386848152 
0.262 0.9294369288364752 0.9356327789319814 0.9414206876471249 0.9436171370449831 
0.263 0.9292368509094082 0.9354468137844828 0.9412482447916926 0.9434484329154132 
0.264 0.9290351761600202 0.9352593828848793 0.9410744626823521 0.9432784237844609 
0.265 0.9288319008059934 0.9350704830300363 0.9408993386897466 0.943107107178802 
0.266 0.9286270211067976 0.9348801110566363 0.9407228702226814 0.9429344806628663 
0.267 0.9284205333634793 0.9346882638409455 0.9405450547277795 0.9427605418388201 
0.268 0.928212433918427 0.934494938298555 0.9403658896892509 0.9425852883459839 
0.269 0.9280027191551259 0.9343001313841036 0.9401853726285889 0.9424087178608733 
0.27 0.9277913854978829 0.9341038400909736 0.9400035011041709 0.9422308280965843 
0.271 0.9275784294115458 0.933906061450987 0.9398202727110104 0.9420516168026357 
0.272 0.9273638474011895 0.9337067925340604 0.9396356850803809 0.9418710817644628 
0.273 0.9271476360117874 0.9335060304478463 0.9394497358793531 0.9416892208031115 
0.274 0.9269297918278551 0.9333037723373518 0.9392624228104455 0.9415060317748364 
0.275 0.926710311473079 0.9331000153845359 0.939073743611226 0.9413215125706071 
0.276 0.9264891916099097 0.9328947568078775 0.9388836960537457 0.9411356611156891 
0.277 0.9262664289391358 0.9326879938619136 0.9386922779441914 0.9409484753690828 
0.278 0.9260420201994303 0.9324797238367651 0.9384994871222563 0.9407599533231091 
0.279 0.9258159621668629 0.9322699440576088 0.9383053214606374 0.9405700930028449 
0.28 0.9255882516543884 0.932058651884147 0.9381097788644918 0.940378892465441 
0.281 0.9253588855113019 0.9318458447100207 0.9379128572708251 0.9401863497996507 
0.282 0.925127860622657 0.931631519962211 0.9377145546478254 0.9399924631251532 
0.283 0.9248951739086533 0.9314156751003815 0.9375148689941583 0.9397972305916981 
0.284 0.9246608223239866 0.9311983076162063 0.9373137983383274 0.9396006503786728 
0.285 0.9244248028571589 0.9309794150326428 0.9371113407379331 0.9394027206942083 
0.286 0.9241871125297472 0.9307589949031773 0.9369074942787736 0.9392034397743062 
0.287 0.9239477483956321 0.9305370448110094 0.9367022570741239 0.9390028058821092 
0.288 0.92370670754018 0.9303135623682071 0.9364956272637831 0.9388008173070584 
0.289 0.9234639870793785 0.9300885452148079 0.9362876030131634 0.9385974723636656 
0.29 0.923219584158918 0.9298619910178705 0.9360781825123153 0.9383927693909603 
0.291 0.9229734959532291 0.9296338974704662 0.9358673639748815 0.9381867067511249 
0.292 0.9227257196644535 0.929404262290626 0.9356551456370267 0.937979282828435 
0.293 0.9224762525213666 0.9291730832202213 0.9354415257562473 0.9377704960282564 
0.294 0.9222250917782315 0.9289403580237782 0.9352265026101715 0.937560344775664 
0.295 0.9219722347135892 0.9287060844872415 0.9350100744952852 0.9373488275143311 
0.296 0.9217176786289834 0.9284702604166487 0.9347922397255966 0.9371359427047703 
0.297 0.9214614208476074 0.9282328836367435 0.9345729966311382 0.9369216888235055 
0.298 0.921203458712878 0.9279939519895092 0.9343523435565846 0.9367060643610088 
0.299 0.9209437895869277 0.9277534633326173 0.9341302788594968 0.93648906782039 
0.3 0.9206824108490076 0.9275114155377925 0.9339068009087883 0.936270697715631 
0.301 0.9204193198938054 0.927267806489085 0.9336819080829248 0.9360509525699655 
0.302 0.9201545141296629 0.927022634081041 0.9334555987679595 0.9358298309135836 
0.303 0.9198879909766933 0.9267758962167768 0.9332278713557062 0.9356073312820647 
0.304 0.9196197478647924 0.9265275908059495 0.9329987242415385 0.935383452214194 
0.305 0.9193497822315334 0.9262777157625907 0.9327681558222641 0.935158192249519 
0.306 0.9190780915199441 0.9260262690028375 0.9325361644937671 0.9349315499264822 
0.307 0.9188046731761539 0.9257732484425385 0.9323027486485825 0.9347035237793503 
0.308 0.9185295246469058 0.9255186519946975 0.9320679066732417 0.9344741123361535 
0.309 0.9182526433769304 0.9252624775668022 0.9318316369455941 0.9342433141155617 
0.31 0.9179740268061595 0.9250047230579794 0.9315939378319469 0.9340111276241844 
0.311 0.9176936723667828 0.9247453863559875 0.9313548076838655 0.9337775513534684 
0.312 0.9174115774801347 0.9244844653340488 0.9311142448351095 0.9335425837763863 
0.313 0.9171277395533997 0.9242219578474892 0.9308722475980661 0.9333062233439304 
0.314 0.9168421559761201 0.923957861730177 0.9306288142602583 0.9330684684817109 
0.315 0.9165548241165072 0.9236921747907685 0.9303839430803907 0.9328293175858694 
0.316 0.9162657413175289 0.9234248948087221 0.9301376322843719 0.9325887690191818 
0.317 0.9159749048927674 0.9231560195300927 0.9298898800610778 0.9323468211065531 
0.318 0.9156823121220405 0.9228855466630511 0.9296406845577088 0.9321034721307145 
0.319 0.9153879602467451 0.922613473873174 0.9293900438749885 0.9318587203271784 
0.32 0.915091846464942 0.9223397987784293 0.9291379560621487 0.9316125638792963 
0.321 0.9147939679261338 0.922064518943866 0.9288844191115644 0.9313650009126716 
0.322 0.9144943217257396 0.9217876318760062 0.9286294309528619 0.9311160294894806 
0.323 0.9141929048992244 0.9215091350168649 0.9283729894470732 0.9308656476025521 
0.324 0.9138897144158841 0.9212290257376503 0.9281150923800932 0.930613853168603 
0.325 0.913584747172251 0.9209473013320454 0.9278557374559089 0.9303606440217523 
0.326 0.913277999985094 0.9206639590091082 0.9275949222893938 0.9301060179058931 
0.327 0.9129694695839962 0.92037899588574 0.9273326443986282 0.9298499724674889 
0.328 0.912659152603475 0.9200924089786635 0.9270689011967729 0.9295925052468555 
0.329 0.9123470455746134 0.919804195195944 0.9268036899835441 0.9293336136699613 
0.33 0.9120331449161858 0.9195143513279688 0.9265370079359508 0.9290732950390151 
0.331 0.9117174469252204 0.9192228740378761 0.9262688520985878 0.9288115465227117 
0.332 0.9113999477669874 0.9189297598513798 0.9259992193733934 0.9285483651460129 
0.333 0.9110806434643501 0.918635005145986 0.9257281065086912 0.9282837477789768 
0.334 0.9107595298864657 0.9183386061395035 0.9254555100874807 0.9280176911251712 
0.335 0.9104366027367641 0.9180405588778624 0.925181426515098 0.9277501917091671 
0.336 0.9101118575401752 0.9177408592221507 0.9249058520061743 0.9274812458634911 
0.337 0.909785289629554 0.9174395028348432 0.9246287825705577 0.927210849714446 
0.338 0.9094568941312453 0.9171364851651642 0.9243502139984859 0.9269389991673701 
0.339 0.9091266659497278 0.9168318014335158 0.9240701418448651 0.9266656898905574 
0.34 0.9087945997512974 0.9165254466149179 0.9237885614124763 0.9263909172986236 
0.341 0.9084606899466974 0.9162174154214119 0.9235054677340402 0.9261146765343793 
0.342 0.9081249306726562 0.9159077022833284 0.9232208555533745 0.925836962450103 
0.343 0.9077873157722348 0.9155963013293649 0.9229347193051254 0.9255577695868219 
0.344 0.9074478387739328 0.9152832063654093 0.9226470530933083 0.9252770921530447 
0.345 0.9071064928694503 0.9149684108519888 0.9223578506684889 0.9249949240018789 
0.346 0.9067632708900386 0.9146519078802954 0.9220671054035184 0.9247112586063473 
0.347 0.9064181652813328 0.9143336901466875 0.9217748102676232 0.9244260890337208 
0.348 0.9060711680765913 0.9140137499255508 0.9214809577989643 0.9241394079177085 
0.349 0.9057222708682179 0.91369207904045 0.9211855400754084 0.923851207429235 
0.35 0.9053714647774906 0.9133686688334347 0.9208885486834626 0.9235614792452246 
0.351 0.9050187404223622 0.9130435101324184 0.9205899746851863 0.9232702145153217 
0.352 0.9046640878832326 0.9127165932164966 0.9202898085830977 0.922977403826696 
0.353 0.9043074966665744 0.9123879077790716 0.9199880402827977 0.9226830371664643 
0.354 0.9039489556662842 0.9120574428887033 0.9196846590533984 0.9223871038819718 
0.355 0.9035884531226378 0.911725186947512 0.9193796534852855 0.9220895926384844 
0.356 0.9032259765787164 0.911391127647037 0.9190730114455575 0.921790491374108 
0.357 0.9028615128341871 0.9110552519213998 0.9187647200304078 0.9214897872524611 
0.358 0.9024950478962853 0.91071754589764 0.9184547655151121 0.9211874666119904 
0.359 0.9021265669278922 0.9103779948431182 0.9181431333004675 0.9208835149124514 
0.36 0.9017560541925602 0.9100365831098141 0.9178298078566336 0.9205779166784254 
0.361 0.9013834929963889 0.909693294075442 0.9175147726633819 0.9202706554393637 
0.362 0.9010088656266109 0.9093481100812355 0.9171980101472005 0.9199617136664383 
0.363 0.9006321532868109 0.9090010123663262 0.9168795016147996 0.9196510727056235 
0.364 0.9002533360286813 0.9086519809985969 0.9165592271830756 0.919338712707579 
0.365 0.8998723926802475 0.9083009948019912 0.9162371657056573 0.9190246125537342 
0.366 0.8994893007705386 0.9079480312801798 0.9159132946954806 0.9187087497787134 
0.367 0.8991040364506911 0.9075930665366639 0.9155875902440533 0.9183911004889901 
0.368 0.8987165744115295 0.9072360751912688 0.9152600269367763 0.9180716392783489 
0.369 0.8983268877977221 0.9068770302931901 0.9149305777650785 0.917750339138823 
0.37 0.897934948118668 0.9065159032307248 0.9145992140349469 0.9174271713699119 
0.371 0.897540725156357 0.9061526636379217 0.9142659052724356 0.9171021054828411 
0.372 0.8971441868705263 0.9057872792985248 0.9139306191264999 0.9167751091035652 
0.373 0.8967452993015718 0.9054197160476019 0.9135933212694116 0.9164461478723166 
0.374 0.8963440264717835 0.9050499376714962 0.9132539752954493 0.9161151853422296 
0.375 0.8959403302856371 0.9046779058068225 0.9129125426186806 0.9157821828766942 
0.376 0.8955341704300686 0.9043035798394149 0.9125689823707015 0.9154470995464975 
0.377 0.8951255042758514 0.9039269168044147 0.9122232512995386 0.9151098920284129 
0.378 0.8947142867814483 0.9035478712888468 0.9118753036709213 0.9147705145062326 
0.379 0.8943004704010007 0.9031663953383651 0.9115250911739815 0.9144289185758284 
0.38 0.893884004998397 0.9027824383701658 0.9111725628331258 0.914085053156941 
0.381 0.8934648377697705 0.9023959470944081 0.9108176649283308 0.9137388644129915 
0.382 0.8930429131771129 0.902006865446886 0.9104603409271422 0.9133902956828412 
0.383 0.8926181728961751 0.9016151345361495 0.9101005314309689 0.9130392874270997 
0.384 0.8921905557822504 0.9012206926087154 0.9097381741399622 0.9126857771925427 
0.385 0.8917599978579782 0.900823475036551 0.9093732038401122 0.9123296995994642 
0.386 0.8913264323278023 0.9004234143315278 0.9090055524179614 0.91197098635636 
0.387 0.8908897896242702 0.9000204401920955 0.908635148907573 0.9116095663071163 
0.388 0.8904499974918889 0.8996144795879406 0.9082619195761876 0.9112453655170714 
0.389 0.8900069811147571 0.899205456888952 0.9078857880545503 0.9108783074038186 
0.39 0.8895606632946496 0.8987932940452175 0.9075066755188379 0.9105083129199774 
0.391 0.8891109646865714 0.8983779108251929 0.907124500931513 0.9101353007950265 
0.392 0.8886578040990349 0.897959225119336 0.906739181348287 0.9097591878434449 
0.393 0.8882010988663325 0.8975371533166268 0.9063506322988709 0.909379889347074 
0.394 0.8877407652998657 0.8971116107610354 0.9059587682485649 0.9089973195185448 
0.395 0.8872767192250548 0.896682512294648 0.9055635031474718 0.9086113920526875 
0.396 0.8868088766094647 0.896249772893062 0.9051647510729856 0.9082220207716297 
0.397 0.8863371542864068 0.8958133083974136 0.9047624269700986 0.9078291203679727 
0.398 0.8858614707764423 0.8953730363454951 0.9043564474919004 0.9074326072486814 
0.399 0.8853817472068091 0.8949288769019752 0.9039467319402639 0.9070324004793094 
0.4 0.8848979083258356 0.8944807538847503 0.9035332033037512 0.9066284228263941 
0.401 0.8844098836058755 0.8940285958809244 0.9031157893862167 0.9062206018899945 
0.402 0.8839176084242989 0.8935723374418026 0.9026944240153809 0.9058088713173068 
0.403 0.8834210253076638 0.8931119203418747 0.9022690483159422 0.9053931720805896 
0.404 0.882920085219544 0.8926472948820185 0.9018396120276234 0.904973453800409 
0.405 0.8824147488678568 0.8921784212125304 0.9014060748431926 0.9045496760889283 
0.406 0.881904988003148 0.8917052706470646 0.9009684077374015 0.9041218098836121 
0.407 0.881390786675494 0.8912278269347998 0.9005265942535854 0.903689838739282 
0.408 0.8808721424148136 0.8907460874552007 0.9000806317122337 0.903253760040837 
0.409 0.8803490672977627 0.8902600642981161 0.8996305323033875 0.9028135861002945 
0.41 0.879821588864319 0.8897697851919063 0.8991763240256493 0.9023693450990173 
0.411 0.879289750848874 0.8892752942439701 0.8987180514355572 0.9019210818399763 
0.412 0.8787536136942298 0.8887766524617178 0.8982557761746458 0.9014688582771007 
0.413 0.8782132548223237 0.8882739380274953 0.8977895772482738 0.9010127537947308 
0.414 0.877668768642608 0.8877672463081423 0.8973195510357622 0.9005528652180478 
0.415 0.8771202662874372 0.8872566895883983 0.896845811021581 0.9000893065428858 
0.416 0.8765678750731378 0.8867423965268154 0.8963684872457613 0.8996222083845453 
0.417 0.876011737695052 0.8862245113425193 0.895887725482499 0.8991517171526712 
0.418 0.8754520111742077 0.8857031927507175 0.895403686164374 0.8986779939717788 
0.419 0.8748888655818067 0.8851786126733308 0.8949165430795243 0.8982012133733741 
0.42 0.8743224825748022 0.8846509547585082 0.8944264818752478 0.8977215617938474 
0.421 0.8737530537812832 0.8841204127480986 0.8939336984081637 0.8972392359184325 
0.422 0.8731807790777307 0.8835871887356446 0.8934383969834183 0.8967544409137581 
0.423 0.8726058648015463 0.88305149135879 0.8929407885276135 0.8962673885941354 
0.424 0.8720285219415229 0.8825135339692747 0.8924410887391258 0.8957782955646004 
0.425 0.8714489643464947 0.8819735328211821 0.8919395162565512 0.8952873813829024 
0.426 0.870867406988429 0.8814317053141629 0.8914362908830296 0.8947948667768119 
0.427 0.8702840643112049 0.8808882683232041 0.8909316318976468 0.8943009719495382 
0.428 0.8696991486906266 0.8803434366408251 0.8904257564807241 0.8938059149990999 
0.429 0.8691128690252109 0.8797974215514534 0.8899188782724101 0.8933099104714539 
0.43 0.8685254294713423 0.8792504295517183 0.889411206079045 0.8928131680622085 
0.431 0.8679370283307893 0.8787026612248298 0.888902942734834 0.8923158914741707 
0.432 0.8673478570935181 0.8781543102719193 0.8883942841225451 0.8918182774340051 
0.433 0.8667580996343702 0.8776055626989904 0.8878854183512548 0.8913205148674378 
0.434 0.8661679315585571 0.8770565961543373 0.8873765250861156 0.8908227842264146 
0.435 0.8655775196881417 0.8765075794085254 0.8868677750224447 0.8903252569609749 
0.436 0.864987021679529 0.8759586719668765 0.8863593294934483 0.8898280951258627 
0.437 0.8643965857606659 0.8754100238029928 0.8858513402004958 0.8893314511096442 
0.438 0.863806350575798 0.8748617752010658 0.8853439490531849 0.8888354674742125 
0.439 0.8632164451253794 0.8743140566944404 0.8848372881068658 0.8883402768919697 
0.44 0.8626269887888265 0.8737669890879488 0.8843314795846099 0.8878460021679722 
0.441 0.8620380914182633 0.8732206835520593 0.8838266359720225 0.8873527563350251 
0.442 0.8614498534920534 0.8726752417775197 0.8833228601729658 0.8868606428099115 
0.443 0.8608623663177524 0.8721307561799707 0.8828202457159853 0.8863697556003678 
0.444 0.860275712275024 0.8715873101450252 0.8823188770015277 0.8858801795536353 
0.445 0.8596899650900339 0.8710449783051755 0.8818188295813278 0.8853919906363032 
0.446 0.859105190133793 0.8705038268409659 0.8813201704624284 0.8849052562396588 
0.447 0.8585214447378807 0.8699639137997329 0.880822958428894 0.8844200355023537 
0.448 0.8579387785218392 0.8694252894262112 0.8803272443755193 0.8839363796455081 
0.449 0.857357233727417 0.8688879965000358 0.8798330716485577 0.8834543323144279 
0.45 0.8567768455555301 0.8683520706760641 0.8793404763893133 0.8829739299233063 
0.451 0.856197642502565 0.8678175408240199 0.8788494878769352 0.8824952019996322 
0.452 0.855619646693226 0.8672844293646669 0.8783601288680303 0.88201817152427 
0.453 0.855042874207657 0.8667527526002266 0.8778724159300049 0.8815428552665084 
0.454 0.8544673354010767 0.8662225210372267 0.877386359767195 0.8810692641112423 
0.455 0.8538930352145445 0.8656937397004112 0.8769019655377729 0.8805974033766163 
0.456 0.8533199734758244 0.8651664084366414 0.8764192331605666 0.8801272731222053 
0.457 0.8527481451896235 0.864640522208077 0.8759381576109929 0.8796588684458344 
0.458 0.8521775408167107 0.864116071374124 0.8754587292058602 0.87919217976931 
0.459 0.851608146541632 0.8635930419618715 0.8749809338763217 0.8787271931123791 
0.46 0.8510399445289181 0.8630714159248996 0.8745047534291485 0.8782638903548254 
0.461 0.8504729131677938 0.8625511713904721 0.8740301657964094 0.8778022494868752 
0.462 0.8499070273055284 0.8620322828952621 0.8735571452734076 0.8773422448480557 
0.463 0.8493422584696398 0.8615147216098148 0.8730856627452138 0.8768838473545247 
0.464 0.848778575079232 0.8609984555520314 0.8726156859023708 0.8764270247153423 
0.465 0.8482159426457981 0.8604834497900207 0.8721471794455617 0.8759717416376918 
0.466 0.8476543239638531 0.8599696666346602 0.8716801052800363 0.8755179600224154 
0.467 0.8470936792917731 0.859457065822287 0.8712144227000934 0.8750656391485064 
0.468 0.8465339665232656 0.8589456046878937 0.8707500885639033 0.8746147358488507 
0.469 0.8459751413498434 0.8584352383292708 0.8702870574592223 0.8741652046765029 
0.47 0.8454171574147327 0.8579259197624719 0.8698252818603559 0.8737169980617776 
0.471 0.8448599664586036 0.8574176000690203 0.8693647122767049 0.8732700664617615 
0.472 0.8443035184575067 0.8569102285352597 0.8689052973935463 0.8728243585012058 
0.473 0.8437477617534052 0.8564037527841902 0.8684469842050271 0.8723798211059287 
0.474 0.8431926431776433 0.8558981189002138 0.8679897181401579 0.8719363996294267 
0.475 0.842638108167711 0.85539327154706 0.8675334431818031 0.8714940379720115 
0.476 0.8420841008776219 0.8548891540793018 0.8670781019793261 0.8710526786939077 
0.477 0.841530564282203 0.8543857086476834 0.866623635954786 0.8706122631217393 
0.478 0.8409774402755981 0.8538828762986265 0.8661699854035227 0.8701727314493417 
0.479 0.8404246697642359 0.8533805970681297 0.8657170895888189 0.8697340228329462 
0.48 0.8398721927545149 0.8528788100703357 0.865264886831396 0.8692960754806628 
0.481 0.8393199484354331 0.8523774535809951 0.8648133145935355 0.868858826736919 
0.482 0.8387678752563781 0.8518764651160093 0.8643623095584537 0.8684222131621572 
0.483 0.8382159110002486 0.8513757815052956 0.8639118077047999 0.8679861706074679 
0.484 0.8376639928521011 0.850875338962101 0.8634617443765712 0.8675506342846884 
0.485 0.8371120574634677 0.8503750731479396 0.863012054348662 0.8671155388322009 
0.486 0.8365600410124852 0.8498749192332986 0.8625626718881476 0.8666808183762063 
0.487 0.8360078792599619 0.8493748119542469 0.8621135308112933 0.8662464065880592 
0.488 0.8354555076014979 0.8488746856650199 0.8616645645366627 0.8658122367374697 
0.489 0.8349028611157452 0.8483744743867282 0.8612157061341609 0.8653782417415673 
0.49 0.8343498746089033 0.8478741118522413 0.8607668883703907 0.8649443542104269 
0.491 0.8337964826555198 0.8473735315473194 0.8603180437499242 0.8645105064883851 
0.492 0.8332426196356525 0.8468726667480884 0.8598691045532285 0.8640766306921366 
0.493 0.832688219768466 0.8463714505548677 0.8594200028705726 0.863642658744467 
0.494 0.8321332171422781 0.8458698159224234 0.8589706706325468 0.8632085224051408 
0.495 0.8315775457411233 0.845367695686688 0.8585210396368737 0.8627741532974103 
0.496 0.8310211394678404 0.844865022587934 0.8580710415716474 0.8623394829313648 
0.497 0.8304639321637272 0.844361729290491 0.8576206080351746 0.8619044427239314 
0.498 0.8299058576247704 0.8438577483989762 0.857169670552046 0.8614689640145898 
0.499 0.8293468496144739 0.8433530124710577 0.8567181605859473 0.8610329780786223 
0.5 0.8287868418732984 0.8428474540267937 0.8562660095488704 0.8605964161356157 
0.501 0.8282257681247212 0.8423410055545363 0.8558131488068045 0.8601592093556885 
0.502 0.8276635620779382 0.8418335995134032 0.8553595096819798 0.8597212888611283 
0.503 0.8271001574272122 0.841325168332361 0.854905023451689 0.859282585725708 
0.504 0.8265354878478827 0.840815644405899 0.8544496213437277 0.8588430309692879 
0.505 0.8259694869890566 0.8403049600863226 0.8539932345281159 0.8584025555499455 
0.506 0.8254020884629999 0.8397930476727027 0.8535357941057192 0.8579610903520382 
0.507 0.8248332258312551 0.8392798393964683 0.8530772310933271 0.8575185661714243 
0.508 0.8242628325875112 0.838765267403706 0.8526174764053293 0.8570749136967311 
0.509 0.8236908421372694 0.8382492637341803 0.8521564608321229 0.8566300634875036 
0.51 0.8231171877743433 0.837731760297135 0.8516941150153126 0.8561839459493448 
0.511 0.8225418026542497 0.837212688843912 0.8512303694194383 0.8557364913051424 
0.512 0.8219646197645549 0.836691980937456 0.8507651543007425 0.8552876295637698 
0.513 0.8213855718922419 0.8361695679187938 0.8502983996727821 0.8548372904851843 
0.514 0.8208045915881977 0.835645380870543 0.8498300352689123 0.854385403542756 
0.515 0.8202216111288947 0.835119350577568 0.8493599905020592 0.8539318978826601 
0.516 0.8196365624754094 0.8345914074848902 0.8488881944214268 0.8534767022800023 
0.517 0.8190493772298658 0.8340614816529789 0.8484145756667515 0.8530197450930083 
0.518 0.818459986589481 0.8335295027105547 0.8479390624198682 0.8525609542139345 
0.519 0.817868321298341 0.8329953998050815 0.8474615823539405 0.8521002570179851 
0.52 0.8172743115970901 0.832459101551092 0.8469820625804345 0.8516375803098092 
0.521 0.8166778871707326 0.8319205359765749 0.8465004295942669 0.8511728502681187 
0.522 0.81607897709474 0.8313796304676079 0.8460166092167863 0.8507059923883421 
0.523 0.8154775097797066 0.8308363117114685 0.8455305265375693 0.8502369314237231 
0.524 0.8148734129147884 0.8302905056384955 0.8450421058546379 0.8497655913251547 
0.525 0.814266613410201 0.8297421373629428 0.844551270613756 0.8492918951799281 
0.526 0.8136570373390656 0.8291911311231311 0.8440579433469684 0.8488157651495797 
0.527 0.8130446098788993 0.8286374102212123 0.8435620456105708 0.8483371224075497 
0.528 0.8124292552530876 0.8280808969628697 0.8430634979232638 0.847855887076511 
0.529 0.8118108966726907 0.827521512597311 0.8425622197041946 0.8473719781659268 
0.53 0.8111894562789355 0.8269591772579264 0.8420581292119196 0.8468853135106132 
0.531 0.8105648550867993 0.8263938099040136 0.841551143484368 0.8463958097097246 
0.532 0.8099370129300781 0.8258253282639628 0.8410411782801066 0.8459033820676272 
0.533 0.8093058484083655 0.8252536487803545 0.8405281480216507 0.8454079445366899 
0.534 0.8086712788363821 0.8246786865573826 0.8400119657410082 0.8449094096621056 
0.535 0.8080332201960989 0.8241003553111127 0.839492543028129 0.8444076885296852 
0.536 0.8073915870921302 0.8235185673229736 0.8389697899825944 0.8439026907170573 
0.537 0.8067462927108533 0.8229332333970516 0.8384436151689976 0.8433943242484341 
0.538 0.8060972487837417 0.8223442628215836 0.8379139255767833 0.8428824955538737 
0.539 0.80544436555538 0.8217515633352089 0.8373806265846762 0.8423671094331349 
0.54 0.8047875517566513 0.8211550410984176 0.8368436219305246 0.8418480690249309 
0.541 0.8041267145835524 0.8205546006707061 0.8363028136866925 0.8413252757818999 
0.542 0.8034617596820998 0.8199501449938904 0.8357581022419255 0.8407986294519219 
0.543 0.802792591139773 0.8193415753820502 0.8352093862898305 0.8402680280660644 
0.544 0.8021191114839121 0.8187287915184998 0.8346565628243059 0.839733367933728 
0.545 0.8014412216874475 0.8181116914602213 0.834099527142884 0.8391945436453382 
0.546 0.8007588211823453 0.8174901716501234 0.8335381728576177 0.8386514480831522 
0.547 0.8000718078810487 0.8168641269374193 0.8329723919145698 0.8381039724401674 
0.548 0.7993800782062238 0.8162334506064429 0.8324020746216041 0.8375520062478139 
0.549 0.7986835271289774 0.8155980344141264 0.8318271096851014 0.8369954374123221 
0.55 0.7979820482157461 0.8149577686362287 0.8312473842556074 0.8364341522602317 
0.551 0.797275533683908 0.8143125421225451 0.830662783982487 0.8358680355928909 
0.552 0.7965638744661608 0.8136622423609798 0.830073193077815 0.83529697075034 
0.553 0.7958469602835883 0.8130067555505474 0.8294784943890849 0.8347208396838546 
0.554 0.7951246797272834 0.8123459666830704 0.8288785694811361 0.8341395230379608 
0.555 0.7943969203483024 0.811679759633442 0.8282732987265304 0.833552900241043 
0.556 0.7936635687556512 0.8110080172580777 0.8276625614044094 0.8329608496041557 
0.557 0.792924510721895 0.810330621501208 0.8270462358075158 0.8323632484283469 
0.558 0.7921796312959266 0.8096474535085221 0.8264241993564978 0.8317599731193013 
0.559 0.791428814922317 0.8089583937475736 0.8257963287213563 0.8311508993088964 
0.56 0.7906719455666303 0.8082633221343536 0.825162499949137 0.8305359019835955 
0.561 0.7899089068459586 0.8075621181652575 0.8245225885973152 0.8299148556178707 
0.562 0.7891395821639156 0.8068546610536967 0.823876469871779 0.8292876343131278 
0.563 0.7883638548492402 0.8061408298704699 0.8232240187689185 0.8286541119398926 
0.564 0.7875816082971184 0.8054205036870239 0.82256511022079 0.8280141622838496 
0.565 0.7867927261122772 0.804693561720618 0.8218996192420325 0.8273676591933101 
0.566 0.7859970922529217 0.8039598834804867 0.8212274210782631 0.8267144767281611 
0.567 0.7851945911745069 0.8032193489139015 0.8205483913542556 0.8260544893088655 
0.568 0.7843851079723803 0.8024718385512544 0.8198624062213016 0.8253875718643391 
0.569 0.783568528522338 0.801717233649111 0.8191693425026213 0.8247135999784618 
0.57 0.7827447396181282 0.8009554163302797 0.8184690778358452 0.8240324500327803 
0.571 0.7819136291049916 0.800186269719967 0.8177614908116553 0.8233439993463543 
0.572 0.7810750860084211 0.7994096780771597 0.8170464611076305 0.822648126310174 
0.573 0.7802290006572836 0.7986255269204283 0.8163238696165259 0.8219447105161132 
0.574 0.7793752648006018 0.7978337031473324 0.8155935985682469 0.8212336328798167 
0.575 0.7785137717173559 0.7970340951468389 0.8148555316446574 0.8205147757561158 
0.576 0.7776444163186989 0.7962265929041276 0.8141095540868702 0.8197880230470559 
0.577 0.7767670952421531 0.7954110880973024 0.8133555527943052 0.8190532603017097 
0.578 0.7758817069373671 0.7945874741856005 0.8125934164152157 0.8183103748072884 
0.579 0.7749881517431813 0.7937556464888241 0.8118230354283879 0.8175592556715623 
0.58 0.7740863319557862 0.7929155022577732 0.811044302215663 0.8167997938958039 
0.581 0.7731761518878956 0.7920669407355777 0.8102571111253196 0.816031882438935 
0.582 0.7722575179189313 0.7912098632099466 0.8094613585262804 0.815255416272192 
0.583 0.7713303385363128 0.7903441730563776 0.8086569428531185 0.8144702924245214 
0.584 0.770394524368005 0.7894697757725084 0.8078437646421194 0.8136764100192347 
0.585 0.769449988206577 0.7885865790038558 0.8070217265585983 0.8128736703015269 
0.586 0.7684966450250877 0.7876944925612307 0.8061907334156768 0.8120619766578385 
0.587 0.7675344119851827 0.7867934284302508 0.8053506921852388 0.8112412346269796 
0.588 0.7665632084377764 0.785883300773288 0.8045015120010156 0.8104113519034168 
0.589 0.7655829559168422 0.7849640259244006 0.8036431041545137 0.8095722383336293 
0.59 0.7645935781267816 0.7840355223777122 0.8027753820844297 0.8087238059055545 
0.591 0.7635950009238719 0.7830977107697429 0.8018982613598113 0.8078659687319084 
0.592 0.7625871522923832 0.7821505138562995 0.8010116596575472 0.8069986430278511 
0.593 0.7615699623158506 0.7811938564843838 0.800115496734968 0.8061217470836236 
0.594 0.7605433631440964 0.7802276655597672 0.7992096943978707 0.8052352012325897 
0.595 0.7595072889565196 0.7792518700107116 0.798294176464704 0.8043389278154331 
0.596 0.7584616759221827 0.7782664007484019 0.7973688687272094 0.8034328511408417 
0.597 0.7574064621572039 0.7772711906245957 0.796433698908349 0.8025168974432912 
0.598 0.7563415876799663 0.7762661743870014 0.7954885966178284 0.8015909948386599 
0.599 0.7552669943646114 0.7752512886328746 0.7945334933057523 0.8006550732776616 
0.6 0.7541826258932072 0.7742264717612237 0.7935683222149146 0.7997090644979097 
0.601 0.753088427707067 0.773191663924106 0.7925930183319195 0.7987529019752951 
0.602 0.7519843469575488 0.772146806977351 0.7916075183379429 0.797786520874193 
0.603 0.750870332456728 0.7710918444311198 0.7906117605591418 0.7968098579980215 
0.604 0.7497463346281955 0.7700267214005415 0.7896056849170183 0.7958228517392663 
0.605 0.7486123054583311 0.7689513845568045 0.7885892328794425 0.7948254420305306 
0.606 0.7474681984482552 0.7678657820788959 0.7875623474121978 0.7938175702955639 
0.607 0.7463139685666995 0.7667698636062373 0.7865249729311656 0.7927991794017144 
0.608 0.7451495722039839 0.7656635801924242 0.7854770552561057 0.7917702136131336 
0.609 0.7439749671272652 0.7645468842602103 0.7844185415651836 0.7907306185454155 
0.61 0.7427901124371816 0.7634197295578982 0.783349380351141 0.7896803411213812 
0.611 0.7415949685260461 0.762282071117268 0.7822695213790257 0.7886193295287839 
0.612 0.7403894970375974 0.7611338652130799 0.7811789156453492 0.7875475331791917 
0.613 0.7391736608284819 0.759975069324288 0.7800775153391185 0.7864649026689484 
0.614 0.7379474239314088 0.7588056420969638 0.7789652738045023 0.7853713897414315 
0.615 0.7367107515201041 0.7576255433090157 0.7778421455052774 0.7842669472517364 
0.616 0.7354636098760156 0.7564347338366775 0.7767080859911444 0.7831515291324737 
0.617 0.734205966356797 0.7552331756227896 0.7755630518658083 0.7820250903618835 
0.618 0.7329377893665592 0.7540208316468686 0.7744070007568138 0.7808875869335112 
0.619 0.7316590483278638 0.7527976658969355 0.7732398912873045 0.7797389758277503 
0.62 0.7303697136554534 0.7515636433430952 0.7720616830493714 0.7785792149851992 
0.621 0.7290697567316206 0.7503187299127991 0.7708723365791951 0.777408263281569 
0.622 0.7277591498832572 0.7490628924677779 0.7696718133339957 0.7762260805045345 
0.623 0.7264378663604738 0.7477960987825898 0.7684600756703454 0.7750326273320274 
0.624 0.7251058803167297 0.7465183175246944 0.7672370868242346 0.7738278653121826 
0.625 0.7237631667904829 0.7452295182360745 0.7660028108927476 0.7726117568448392 
0.626 0.722409701688233 0.7439296713162744 0.7647572128170209 0.771384265164551 
0.627 0.7210454617689254 0.7426187480068093 0.7635002583666451 0.7701453543248076 
0.628 0.7196704246296696 0.7412967203769402 0.7622319141255264 0.7688949891838947 
0.629 0.7182845686926639 0.7399635613106513 0.7609521474789496 0.7676331353919584 
0.63 0.7168878731933032 0.7386192444948511 0.7596609266017356 0.7663597593790308 
0.631 0.7154803181694227 0.737263744408728 0.7583582204479111 0.7650748283446905 
0.632 0.7140618844515428 0.7358970363141243 0.7570439987410325 0.7637783102484563 
0.633 0.7126325536541497 0.7345190962469809 0.7557182319658529 0.7624701738012932 
0.634 0.7111923081678803 0.7331299010097003 0.7543808913609016 0.7611503884582177 
0.635 0.7097411311525956 0.7317294281644112 0.7530319489119163 0.7598189244117723 
0.636 0.7082790065312584 0.7303176560270861 0.751671377346116 0.7584757525864306 
0.637 0.7068059189845953 0.7288945636624287 0.7502991501274304 0.7571208446334831 
0.638 0.705321853946458 0.7274601308795164 0.7489152414523657 0.7557541729273409 
0.639 0.7038267975998634 0.7260143382281067 0.7475196262465831 0.7543757105618881 
0.64 0.7023207368736443 0.7245571669956037 0.7461122801621677 0.7529854313477284 
0.641 0.7008036594396699 0.7230885992045994 0.7446931795754738 0.751583309810486 
0.642 0.6992755537106259 0.7216086176109886 0.7432623015856318 0.7501693211887804 
0.643 0.6977364088382388 0.7201172057025503 0.7418196240134644 0.7487434414336887 
0.644 0.6961862147120049 0.7186143476980679 0.7403651254009217 0.7473056472079374 
0.645 0.6946249619582769 0.7171000285467897 0.7388987850110228 0.7458559158860829 
0.646 0.6930526419397918 0.715574233928378 0.7374205828281734 0.7443942255549124 
0.647 0.6914692467555009 0.7140369502531632 0.7359304995588029 0.742920555014006 
0.648 0.6898747692407469 0.7124881646627612 0.7344285166325579 0.7414348837771455 
0.649 0.6882692029677127 0.7109278650309726 0.7329146162034422 0.7399371920736357 
0.65 0.6866525422461365 0.7093560399649871 0.731388781151729 0.7384274608500686 
0.651 0.6850247821242713 0.7077726788068045 0.7298509950857144 0.7369056717723722 
0.652 0.6833859183900457 0.706177771634913 0.7283012423439458 0.7353718072281432 
0.653 0.6817359475724233 0.7045713092661563 0.7267395079976066 0.7338258503291367 
0.654 0.6800748669429275 0.7029532832577848 0.7251657778530668 0.7322677849138253 
0.655 0.6784026745173084 0.7013236859096599 0.723580038454684 0.730697595550578 
0.656 0.6767193690573756 0.6996825102666422 0.7219822770877194 0.7291152675403242 
0.657 0.6750249500728972 0.6980297501210528 0.7203724817813596 0.7275207869201862 
0.658 0.673319417823619 0.6963654000152694 0.718750641311907 0.7259141404664419 
0.659 0.6716027733213966 0.6946894552444477 0.7171167452060867 0.7242953156982036 
0.66 0.6698750183323401 0.6930019118592523 0.7154707837443756 0.7226643008808044 
0.661 0.6681361553790803 0.6913027666687508 0.71381274796455 0.7210210850294878 
0.662 0.6663861877430186 0.6895920172432771 0.7121426296651475 0.7193656579130867 
0.663 0.6646251194666697 0.687869661917391 0.7104604214090835 0.717698010057828 
0.664 0.662852955356003 0.6861356997928899 0.7087661165272438 0.7160181327510512 
0.665 0.6610697009827798 0.6843901307417652 0.7070597091222459 0.7143260180451756 
0.666 0.6592753626869444 0.6826329554092738 0.7053411940720729 0.7126216587615485 
0.667 0.6574699475789852 0.680864175216963 0.7036105670337462 0.7109050484942373 
0.668 0.6556534635422946 0.6790837923657086 0.7018678244471902 0.7091761816141253 
0.669 0.6538259192355174 0.6772918098387518 0.7001129635388713 0.7074350532727561 
0.67 0.6519873240948811 0.6754882314047249 0.6983459823255814 0.7056816594063721 
0.671 0.6501376883364931 0.673673061620654 0.6965668796180865 0.7039159967396275 
0.672 0.6482770229586187 0.6718463058349604 0.6947756550249886 0.7021380627898635 
0.673 0.6464053397439193 0.6700079701903962 0.6929723089562696 0.7003478558706677 
0.674 0.6445226512616471 0.6681580616269949 0.6911568426270559 0.6985453750960071 
0.675 0.6426289708698059 0.666296587884957 0.6893292580613063 0.6967306203840183 
0.676 0.6407243127172585 0.6644235575074975 0.6874895580952725 0.6949035924608936 
0.677 0.6388086917457902 0.662538979843675 0.6856377463812835 0.693064292864732 
0.678 0.6368821236921068 0.6606428650511382 0.6837738273911774 0.691212723949111 
0.679 0.6349446250898151 0.6587352240988735 0.6818978064198021 0.6893488888873263 
0.68 0.6329962132712945 0.6568160687698591 0.6800096895885757 0.6874727916753725 
0.681 0.6310369063695461 0.6548854116636851 0.6781094838488445 0.6855844371364563 
0.682 0.6290667233199732 0.6529432661991218 0.6761971969852232 0.683683830923924 
0.683 0.6270856838620827 0.6509896466166205 0.6742728376190332 0.6817709795253187 
0.684 0.6250938085411688 0.6490245679807892 0.6723364152115023 0.6798458902656753 
0.685 0.6230911187098778 0.6470480461827652 0.6703879400669864 0.6779085713111058 
0.686 0.6210776365297344 0.6450600979425547 0.6684274233362668 0.6759590316722509 
0.687 0.6190533849725981 0.643060740811305 0.6664548770194583 0.6739972812076267 
0.688 0.6170183878220741 0.6410499931735377 0.664470313969289 0.6720233306271415 
0.689 0.6149726696748137 0.6390278742492798 0.6624737478940048 0.6700371914950728 
0.69 0.612916255941781 0.6369944040961563 0.6604651933603389 0.6680388762336706 
0.691 0.6108491728494356 0.634949603611423 0.6584446657964118 0.6660283981261427 
0.692 0.6087714474408669 0.632893494533936 0.6564121814946416 0.6640057713198273 
0.693 0.6066831075768265 0.6308260994460377 0.6543677576143816 0.6619710108292093 
0.694 0.6045841819366822 0.6287474417753616 0.6523114121848157 0.6599241325392041 
0.695 0.6024747000194716 0.6266575457967462 0.6502431641075401 0.6578651532079086 
0.696 0.6003546921446139 0.6245564366338051 0.6481630331592135 0.6557940904695604 
0.697 0.5982241894527279 0.6224441402606208 0.6460710399941048 0.6537109628375083 
0.698 0.5960832239063635 0.6203206835033378 0.6439672061465412 0.6516157897069312 
0.699 0.5939318282906433 0.6181860940416855 0.641851554033486 0.6495085913576072 
0.7 0.5917700362138416 0.6160404004104306 0.6397241069566939 0.6473893889567204 
0.701 0.5895978821079203 0.6138836320008071 0.637584889105342 0.6452582045613777 
0.702 0.5874154012289641 0.6117158190618233 0.6354339255580174 0.6431150611214069 
0.703 0.58522262965759 0.6095369927015775 0.633271242285142 0.6409599824817453 
0.704 0.5830196042992543 0.6073471848884422 0.6310968661510133 0.6387929933849791 
0.705 0.5808063628845352 0.6051464284522577 0.6289108249159687 0.63661411947379 
0.706 0.5785829439693402 0.6029347570854301 0.6267131472384214 0.6344233872934726 
0.707 0.5763493869350237 0.6007122053439569 0.6245038626768451 0.6322208242941145 
0.708 0.5741057319884977 0.5984788086484389 0.6222830016917502 0.6300064588330406 
0.709 0.5718520201622529 0.5962346032850159 0.6200505956475466 0.6277803201768929 
0.71 0.5695882933143068 0.5939796264062187 0.6178066768144111 0.6255424385040056 
0.711 0.5673145941281336 0.5917139160318207 0.6155512783700602 0.6232928449064646 
0.712 0.5650309661125217 0.5894375110496014 0.6132844344015089 0.6210315713923378 
0.713 0.5627374536013492 0.5871504512160444 0.6110061799067299 0.6187586508873828 
0.714 0.5604341017533541 0.5848527771570309 0.6087165507962927 0.6164741172375021 
0.715 0.5581209565518166 0.5825445303684393 0.6064155838950319 0.6141780052106132 
0.716 0.5557980648042156 0.5802257532167207 0.6041033169434942 0.611870350498246 
0.717 0.5534654741417911 0.5778964889393985 0.6017797885994696 0.6095511897177854 
0.718 0.5511232330191117 0.575556781645549 0.5994450384394412 0.6072205604141674 
0.719 0.5487713907135688 0.5732066763162352 0.5970991069600826 0.6048785010616873 
0.72 0.5464099973248017 0.5708462188048439 0.5947420355794634 0.6025250510657071 
0.721 0.5440391037741276 0.568475455837471 0.5923738666384745 0.6001602507645522 
0.722 0.541658761803871 0.5660944350131532 0.589994643402103 0.5977841414308942 
0.723 0.5392690239766983 0.5637032048041513 0.5876044100605884 0.5953967652736215 
0.724 0.5368699436748872 0.5613018145561559 0.5852032117307766 0.5929981654393478 
0.725 0.5344615750995396 0.5588903144884148 0.5827910944570824 0.590588386013974 
0.726 0.5320439732697915 0.5564687556938882 0.5803681052127826 0.58816747202427 
0.727 0.5296171940219674 0.5540371901393337 0.5779342919009648 0.5857354694392937 
0.728 0.5271812940086732 0.5515956706653345 0.5754897033556832 0.5832924251717967 
0.729 0.5247363306979044 0.5491442509863325 0.5730343893428885 0.5808383870798579 
0.73 0.5222823623720644 0.5466829856905914 0.5705684005614041 0.5783734039679745 
0.731 0.5198194481269984 0.5442119302401491 0.5680917886439448 0.5758975255887256 
0.732 0.5173476478709711 0.5417311409707369 0.565604606157946 0.5734108026439566 
0.733 0.5148670223235966 0.5392406750916422 0.5631069066064601 0.5709132867859493 
0.734 0.5123776330147907 0.5367405906855794 0.5605987444290537 0.5684050306189852 
0.735 0.5098795422836274 0.5342309467084914 0.5580801750025275 0.5658860877002586 
0.736 0.5073728132772428 0.5317118029893639 0.5555512546418294 0.5633565125413723 
0.737 0.5048575099496395 0.5291832202299742 0.5530120406006722 0.5608163606094186 
0.738 0.502333697060539 0.5266452600046588 0.5504625910724158 0.5582656883280853 
0.739 0.4998014401741409 0.5240979847600021 0.5479029651906604 0.5557045530788818 
0.74 0.49726080565793235 0.521541457814564 0.5453332230300099 0.5531330132022454 
0.741 0.4947118606814079 0.5189757433585239 0.5427534256067054 0.5505511279985774 
0.742 0.4921546732148328 0.5164009064533662 0.5401636348792402 0.5479589577293952 
0.743 0.48958931202793976 0.513817013031484 0.5375639137490038 0.545356563618419 
0.744 0.4870158466886522 0.5112241298958278 0.534954326060927 0.5427440078524124 
0.745 0.4844343475617498 0.5086223247194757 0.5323349366039626 0.5401213535825158 
0.746 0.4818448858075703 0.506011666045257 0.5297058111117484 0.5374886649249637 
0.747 0.4792475333806444 0.5033922232852798 0.5270670162630969 0.5348460069622525 
0.748 0.4766423630283823 0.5007640667205312 0.5244186196825384 0.5321934457439298 
0.749 0.47402944828968774 0.49812726750039416 0.5217606899408259 0.529531048287891 
0.75 0.4714088634936248 0.4954818976422103 0.5190932965554852 0.5268588825809711 
0.751 0.4687806837580244 0.4928280300307827 0.5164165099912548 0.5241770175800267 
0.752 0.4661449849881383 0.4901657384179255 0.5137304016605829 0.5214855232129494 
0.753 0.46350184387523713 0.48749509742194985 0.5110350439241126 0.5187844703793795 
0.754 0.4608513378952633 0.48481618252720265 0.508330510091121 0.5160739309518453 
0.755 0.4581935453074243 0.48212907008354133 0.505616874419996 0.5133539777764761 
0.756 0.45552854515284524 0.47943383730587047 0.5028942121186573 0.5106246846740529 
0.757 0.4528564172531763 0.47673056227361765 0.5001625993450454 0.5078861264407051 
0.758 0.45017724220922556 0.47401932393024054 0.49742211320746244 0.5051383788490392 
0.759 0.44749110139961146 0.4713002020827487 0.4946728317651385 0.5023815186488354 
0.76 0.4447980769793834 0.46857327740118077 0.4919148340285649 0.4996156235679222 
0.761 0.44209825187870033 0.46583863141814724 0.4891481999599688 0.496840772313308 
0.762 0.43939170980146786 0.46309634652831966 0.4863730104737053 0.4940570445716531 
0.763 0.43667853522401756 0.4603465059879583 0.48358934743676646 0.49126452101055584 
0.764 0.4339588133938063 0.45758919391445957 0.4807972936691298 0.4884632832791343 
0.765 0.4312326303280922 0.45482449528586383 0.4779969329442451 0.4856534140091459 
0.766 0.4285000728126727 0.4520524959404428 0.4751883499894838 0.482834996815705 
0.767 0.425761228400598 0.44927328257622673 0.4723716304865742 0.48000811629818224 
0.768 0.4230161854109198 0.44648694275058814 0.46954686107202487 0.4771728580413168 
0.769 0.42026503292748046 0.44369356487984957 0.4667141293376995 0.47432930861583106 
0.77 0.41750786079767854 0.440893238238861 0.46387352383111247 0.4714775555795875 
0.771 0.41474475963128654 0.43808605296062597 0.4610251340561078 0.4686176874783744 
0.772 0.411975820799303 0.43527210003595795 0.45816905047321804 0.4657497938469765 
0.773 0.4092011364327933 0.4324514713131181 0.45530536450023645 0.4628739652099204 
0.774 0.4064207994217782 0.42962425949750016 0.4524341685127152 0.4599902930826558 
0.775 0.4036349034141666 0.4267905581513363 0.4495555558445214 0.45709886997240173 
0.776 0.4008435428146795 0.42395046169341993 0.44666962078835004 0.45419978937919325 
0.777 0.39804681278382814 0.4211040653988349 0.4437764585963914 0.4512931457968725 
0.778 0.39524480923693744 0.4182514653987629 0.4408761654807813 0.44837903471407903 
0.779 0.3924376288431636 0.4153927586802578 0.43796883861431446 0.44545755261535874 
0.78 0.38962536902457506 0.4125280430860766 0.43505457613106335 0.44252879698214365 
0.781 0.3868081279552745 0.4096574173145553 0.43213347712697703 0.4395928662939843 
0.782 0.38398600456053344 0.40678098091948045 0.42920564166059183 0.43664986002937156 
0.783 0.3811590985159754 0.4038988343100084 0.4262711707537542 0.4336998786672053 
0.784 0.37832751024682026 0.4010110787506375 0.4233301663922508 0.43074302368768025 
0.785 0.3754913409271345 0.39811781636118 0.4203827315266896 0.4277793975735156 
0.786 0.3726506924791461 0.3952191501167883 0.41742897007314844 0.4248091038112532 
0.787 0.3698056675725939 0.3923151838480127 0.4144689869140439 0.42183224689236337 
0.788 0.36695636962414285 0.38940602224091475 0.4115028878989891 0.4188489323145148 
0.789 0.3641029027968106 0.3864917708371875 0.4085307798455608 0.4158592665828874 
0.79 0.3612453719994638 0.3835725360343359 0.4055527705403305 0.41286335721148865 
0.791 0.35838388288637407 0.3806484250859079 0.40256896873964376 0.40986131272438026 
0.792 0.3555185418567952 0.3777195461017435 0.3995794841707207 0.406853242657218 
0.793 0.35264945605461095 0.37478600804828505 0.39658442753252376 0.40383925755835803 
0.794 0.3497767333680283 0.3718479207489246 0.3935839104968864 0.4008194689907355 
0.795 0.34690048242934207 0.3689053948844092 0.39057804570953536 0.39779398953287703 
0.796 0.3440208126147248 0.3659585419932774 0.3875669467911909 0.3947629327806094 
0.797 0.34113783404409415 0.3630074744723538 0.3845507283387565 0.39172641334865355 
0.798 0.3382516575810295 0.3600523055772846 0.3815295059264076 0.38868454687202075 
0.799 0.33536239483276253 0.3570931494231469 0.3785033961069382 0.38563745000772837 
0.8 0.33247015815020187 0.35413012098507707 0.37547251641293977 0.38258524043647435 
0.801 0.3295750606280381 0.35116333609897754 0.37243698535815656 0.3795280368642187 
0.802 0.3266772161049014 0.34819291146225456 0.3693969224387697 0.3764659590239607 
0.803 0.3237767391636006 0.34521896463464435 0.36635244813489565 0.3733991276774968 
0.804 0.3208737451313992 0.3422416140390643 0.3633036839119371 0.3703276646172491 
0.805 0.3179683500803753 0.33926097896252744 0.3602507522221503 0.36725169266807084 
0.806 0.31506067082784245 0.33627717955712605 0.3571937765060962 0.3641713356892497 
0.807 0.31215082493685226 0.33329033684107523 0.3541328811943056 0.3610867185761941 
0.808 0.3092389307167417 0.33030057269979957 0.3510681917088594 0.3579979672627258 
0.809 0.3063251072237665 0.3273080098870961 0.3479998344651318 0.35490520872292114 
0.81 0.3034094742618 0.3243127720263496 0.34492793687343815 0.35180857097317836 
0.811 0.3004921523831226 0.3213149836118301 0.341852627340902 0.34870818307445 
0.812 0.2975732628892504 0.3183147700100306 0.33877403527330174 0.34560417513435127 
0.813 0.2946529278318672 0.3153122574610858 0.3356922910768833 0.3424966783093793 
0.814 0.2917312700138186 0.3123075730802451 0.33260752616039657 0.3393858248071258 
0.815 0.2888084129901849 0.3093008448594236 0.329519872937052 0.33627174788878444 
0.816 0.28588448106944414 0.3062922016688297 0.32642946482662083 0.33315458187126235 
0.817 0.2829595993146907 0.3032817732586337 0.32333643625752617 0.3300344621298951 
0.818 0.28003389354494806 0.3002696902607305 0.3202409226690422 0.3269115251007004 
0.819 0.2771074903365628 0.2972560841905632 0.3171430605135107 0.32378590828299203 
0.82 0.2741805170246708 0.2942410874490173 0.31404298725866 0.3206577502419886 
0.821 0.2712531017047655 0.2912248333244081 0.31094084138997985 0.31752719061145207 
0.822 0.26832537323432465 0.2882074559945057 0.3078367624130858 0.3143943700963758 
0.823 0.2653974612345363 0.2851890905286647 0.30473089085629007 0.3112594304757363 
0.824 0.26246949609210873 0.28216987289001644 0.3016233682730387 0.3081225146053383 
0.825 0.25954160896116224 0.27914993993773896 0.29851433724465426 0.3049837664206301 
0.826 0.2566139317652235 0.2761294294294127 0.29540394138288023 0.30184333093976423 
0.827 0.2536865971992823 0.2731084800234408 0.2922923253327254 0.29870135426645994 
0.828 0.25075973873195845 0.27008723128155315 0.28917963477524095 0.29555798359308044 
0.829 0.24783349060774884 0.26706582367140175 0.2860660164303706 0.2924133672039085 
0.83 0.24490798784937073 0.2640443985692138 0.2829516180599273 0.2892676544780045 
0.831 0.24198336626019135 0.2610230982625499 0.2798365884706046 0.28612099589280876 
0.832 0.2390597624267629 0.25800206595313174 0.2767210775170541 0.28297354302725564 
0.833 0.23613731372143137 0.25498144575975884 0.27360523610503024 0.2798254485651015 
0.834 0.23321615830505255 0.25196138272129814 0.2704892161946539 0.2766768662984955 
0.835 0.23029643512980497 0.24894202279977012 0.26737317080364986 0.27352795113142053 
0.836 0.22737828394208717 0.2459235128835163 0.2642572540107544 0.2703788590832314 
0.837 0.224461845285535 0.24290600079046015 0.2611416209591938 0.2672297472923808 
0.838 0.22154726050410728 0.2398896352714398 0.2580264278601338 0.26408077401996544 
0.839 0.21863467174528997 0.23687456601364004 0.2549118319963089 0.2609320986536702 
0.84 0.2157242219633951 0.23386094364411045 0.25179799172568396 0.25778388171152766 
0.841 0.2128160549229588 0.2308489197333731 0.24868506648521135 0.25463628484582995 
0.842 0.2099103152022381 0.22783864679911686 0.24557321679463578 0.2514894708471021 
0.843 0.20700714819682575 0.22483027830999944 0.2424626042604093 0.24834360364816796 
0.844 0.20410670012334178 0.2218239686895168 0.23935339157967941 0.24519884832829367 
0.845 0.2012091180232456 0.2188198733199753 0.2362457425443114 0.24205537111737044 
0.846 0.19831454976675292 0.2158181485465622 0.23313982204506004 0.23891333940021095 
0.847 0.19542314405684982 0.21281895168150858 0.23003579607577626 0.2357729217207745 
0.848 0.19253505043342153 0.2098224410083447 0.22693383173771473 0.23263428778675346 
0.849 0.1896504192774779 0.20682877578624254 0.22383409724390255 0.2294976084739626 
0.85 0.18676940181550625 0.2038381162544838 0.220736761923632 0.2263630558309596 
0.851 0.1838921501239052 0.20085062363698583 0.21764199622699368 0.22323080308364768 
0.852 0.1810188171335491 0.19786646014695258 0.21454997172949977 0.22010102464003128 
0.853 0.1781495566344539 0.1948857889916198 0.2114608611368322 0.21697389609502454 
0.854 0.1752845232805588 0.19190877437708867 0.2083748382896361 0.2138495942352801 
0.855 0.1724238725946143 0.18893558151327758 0.20529207816839856 0.2107282970442248 
0.856 0.16956776097318463 0.18596637661895418 0.20221275689844617 0.20761018370704565 
0.857 0.16671634569177576 0.18300132692689813 0.1991370517550346 0.20449543461583264 
0.858 0.16386978491005483 0.18004060068913127 0.1960651411684463 0.201384231374798 
0.859 0.1610282376772035 0.17708436718227882 0.19299720472930257 0.19827675680552723 
0.86 0.15819186393738055 0.17413279671302478 0.18993342319387854 0.19517319495237845 
0.861 0.15536082453530253 0.17118606062367211 0.18687397848950774 0.192073731087926 
0.862 0.1525352812219436 0.16824433129781285 0.18381905372016222 0.18897855171847794 
0.863 0.1497153966603534 0.1653077821660986 0.18076883317200848 0.1858878445897608 
0.864 0.14690133443159065 0.16237658771212862 0.1777235023191723 0.1828017986925826 
0.865 0.1440932590407927 0.15945092347844264 0.1746832478295092 0.17972060426865738 
0.866 0.14129133592334456 0.1565309660726201 0.17164825757052077 0.1766444528164361 
0.867 0.13849573145118646 0.15361689317348803 0.16861872061536154 0.17357353709720952 
0.868 0.13570661293924147 0.15070888353745204 0.16559482724890953 0.17050805114102086 
0.869 0.13292414865196442 0.14780711700493046 0.16257676897399745 0.16744819025293664 
0.87 0.13014850781002227 0.1449117745069017 0.15956473851768874 0.1643941510192744 
0.871 0.12737986059709647 0.14202303807157463 0.15655892983767009 0.16134613131391848 
0.872 0.1246183781668128 0.13914109083116255 0.1535595381287606 0.1583043303047822 
0.873 0.1218642326498097 0.13626611702879002 0.15056675982953122 0.15526894846036182 
0.874 0.11911759716092116 0.13339830202549915 0.14758079262896873 0.15224018755630947 
0.875 0.11637864580650113 0.13053783230738583 0.14460183547333041 0.14921825068222264 
0.876 0.11364755369187812 0.12768489549285347 0.14163008857302667 0.14620334224845977 
0.877 0.11092449692894234 0.12483968033998949 0.13866575340966744 0.14319566799302935 
0.878 0.10820965264386803 0.12200237675406081 0.13570903274321267 0.14019543498866835 
0.879 0.10550319898497158 0.11917317579513799 0.13276013061915873 0.1372028516499311 
0.88 0.1028053151307036 0.1163522696858316 0.129819252375958 0.13421812774047345 
0.881 0.10011618129779146 0.11353985181918362 0.12688660465245594 0.13124147438034767 
0.882 0.0974359787495037 0.1107361167666434 0.12396239539547002 0.12827310405348 
0.883 0.0947648898040651 0.10794126028621234 0.12104683386750685 0.12531323061520067 
0.884 0.09210309784321548 0.10515547933069253 0.11814013065454576 0.12236206929995137 
0.885 0.08945078732090976 0.10237897205607863 0.11524249767401963 0.1194198367290055 
0.886 0.0868081437721621 0.09961193783008088 0.11235414818278974 0.11648675091835871 
0.887 0.08417535382203895 0.09685457724078378 0.10947529678541294 0.1135630312868145 
0.888 0.08155260519479901 0.09410709210543348 0.10660615944237475 0.11064889866397294 
0.889 0.07894008672318384 0.09136968547937231 0.10374695347850471 0.10774457529860948 
0.89 0.07633798835785553 0.08864256166510659 0.10089789759156693 0.1048502848668518 
0.891 0.07374650117699987 0.08592592622151816 0.09805921186090845 0.10196625248086692 
0.892 0.07116581739606535 0.0832199859732149 0.09523111775625388 0.09909270469724447 
0.893 0.06859613037767213 0.08052494902002669 0.0924138381466581 0.09622986952584701 
0.894 0.06603763464167417 0.07784102474664896 0.08960759730957361 0.09337797643867772 
0.895 0.06349052587538212 0.07516842383243173 0.08681262094004065 0.09053725637871232 
0.896 0.060955000943947214 0.07250735826132258 0.0840291361600338 0.08770794176919659 
0.897 0.058431257900908966 0.06985804133195346 0.08125737152794928 0.08489026652272359 
0.898 0.055919495998907075 0.06722068766788894 0.07849755704821985 0.08208446605068795 
0.899 0.053419915700561385 0.06459551322802477 0.07574992418106205 0.07929077727275627 
0.9 0.05093271868951949 0.06198273531714195 0.07301470585242173 0.07650943862661774 
0.901 0.048458107881682526 0.05938257259663525 0.07029213646401482 0.07374069007761601 
0.902 0.045996287436592016 0.05679524509537957 0.0675824519035036 0.07098477312875019 
0.903 0.04354746276899961 0.05422097422078136 0.06488588955490515 0.06824193083088682 
0.904 0.041111840560614496 0.05165998276997981 0.062202688309078644 0.06551240779276551 
0.905 0.03868962877202755 0.049112494941231884 0.05953308857440146 0.0627964501914899 
0.906 0.036281036654819764 0.04657873634545894 0.05687733228757975 0.06009430578311728 
0.907 0.033886274763853294 0.044058934017964096 0.05423566292469653 0.0574062239132659 
0.908 0.031505554969748106 0.041553316430333574 0.05160832551229692 0.05473245552800584 
0.909 0.02913909047154951 0.039062113502512145 0.04899556663876632 0.05207325318481834 
0.91 0.026787095809585063 0.036585556615057434 0.046397634465813534 0.049428871063874974 
0.911 0.02444978687851337 0.034123878621574275 0.04381477874011343 0.04679956497930168 
0.912 0.02212738094057771 0.03167731386135402 0.04124725080518351 0.04418559239069933 
0.913 0.019820096639044098 0.02924609817217358 0.03869530361339283 0.041587212414889586 
0.914 0.017528154011848377 0.026830468903306513 0.03615919173817048 0.039004685837776255 
0.915 0.015251774505448389 0.0244306649287186 0.03363917138636982 0.03643827512627471 
0.916 0.012991180988876845 0.02204692666046837 0.03113550041088261 0.03388824444074514 
0.917 0.010746597768007378 0.019679496062296273 0.028648438323383055 0.03135485964726829 
0.918 0.008518250600029366 0.017328616663426964 0.026178246307284287 0.028838388330254986 
0.919 0.006306366708136937 0.014994533572569671 0.023725187230925305 0.026339099805372707 
0.92 0.004111174796435383 0.012677493492130733 0.02128952566087345 0.02385726513241032 
0.921 0.001932905065066426 0.01037774473263492 0.0188715278755641 0.021393157128564107 
0.922 -0.00022821077444465225 0.008095537227363581 0.016471461878993843 0.018947050381805487 
0.923 -0.002371939483616631 0.005831122547209759 0.014089597414747013 0.016519221264472115 
0.924 -0.004498046281214363 0.0035847539157481795 0.011726205980154832 0.014109947947175626 
0.925 -0.006606294827212978 0.0013566862245419557 0.00938156084074866 0.011719510412784396 
0.926 -0.008696447206542267 -0.0008528239513379932 0.007055937044840758 0.009348190470656487 
0.927 -0.010768263912583627 -0.003043518337560568 0.004749611438424611 0.006996271771188124 
0.928 -0.01282150383043409 -0.005215136944540652 0.0024628626802106895 0.004664039820473666 
0.929 -0.014855924219927657 -0.007367418051221687 0.00019597125697457253 0.0023517819952830867 
0.93 -0.016871280698411557 -0.009500098188608233 -0.0020507805009141906 5.9787558170765144e-05 
0.931 -0.01886732722327804 -0.01161291212306456 -0.004277108403700046 -0.0022116523270259447 
0.932 -0.020843816074243997 -0.013705592839362103 -0.006482726386207298 -0.004462244579647065 
0.933 -0.022800497835380917 -0.015777871523482152 -0.0086673464915786 -0.00669169418618654 
0.934 -0.024737121376889052 -0.017829477545165194 -0.010830678854755853 -0.008899704184230904 
0.935 -0.026653433836613172 -0.019860138440204986 -0.012972431685688773 -0.011085975646086816 
0.936 -0.028549180601300496 -0.021869579892487494 -0.015092311252342894 -0.013250207661966242 
0.937 -0.030424105287596762 -0.023857525715768192 -0.017190021863346554 -0.01539209732331203 
0.938 -0.03227794972276939 -0.025823697835179446 -0.0192652658505051 -0.017511339705346508 
0.939 -0.03411045392517673 -0.027767816268483365 -0.021317743550938007 -0.019607627849840104 
0.94 -0.035921356084458435 -0.029689599107045973 -0.02334715328901711 -0.02168065274725528 
0.941 -0.03771039254145658 -0.03158876249654263 -0.02535319135795595 -0.023730103318801415 
0.942 -0.039477297767862754 -0.03346502061738646 -0.027335552001267447 -0.02575566639816717 
0.943 -0.04122180434558861 -0.03531808566488113 -0.02929392739375495 -0.027757026712895542 
0.944 -0.04294364294586102 -0.03714766782909268 -0.031228007622305876 -0.029733866865582752 
0.945 -0.044642542308034106 -0.038953475274439014 -0.033137480666508276 -0.03168586731473384 
0.946 -0.04631822921812184 -0.040735214118992114 -0.03502203237873608 -0.033612706355286764 
0.947 -0.04797042848704871 -0.04249258841349726 -0.03688134646420283 -0.03551406009894713 
0.948 -0.049598862928612916 -0.04422530012009931 -0.03871510446050498 -0.03738960245407743 
0.949 -0.05120325333716749 -0.04593304909077795 -0.04052298571701555 -0.03923900510541778 
0.95 -0.05278331846501135 -0.047615533045491897 -0.04230466737389079 -0.04106193749341601 
0.951 -0.05433877499949593 -0.04927244755002559 -0.044059824340836516 -0.04285806679326434 
0.952 -0.05586933753984119 -0.05090348599354142 -0.045788129275514663 -0.04462705789366406 
0.953 -0.05737471857366082 -0.05250833956583061 -0.04748925256163704 -0.04636857337522561 
0.954 -0.0588546284532036 -0.05408669723426981 -0.049162862286865144 -0.048082273488544935 
0.955 -0.06030877537130086 -0.05563824572047574 -0.0508086242202148 -0.04976781613203185 
0.956 -0.061736865337025916 -0.05716266947665684 -0.05242620178932169 -0.051424856829335945 
0.957 -0.06313860215106357 -0.05865965066166734 -0.054015256057272296 -0.053053048706492405 
0.958 -0.06451368738079218 -0.06012886911675484 -0.05557544569916563 -0.054652042468728956 
0.959 -0.06586182033507787 -0.06157000234101249 -0.05710642697839453 -0.05622148637695 
0.96 -0.06718269803878081 -0.06298272546652271 -0.058607853722532154 -0.05776102622391025 
0.961 -0.0684760152069778 -0.06436671123320505 -0.06007937729896511 -0.059270305309999924 
0.962 -0.06974146421890151 -0.06572162996336152 -0.0615206465901612 -0.06074896441878434 
0.963 -0.07097873509159669 -0.06704714953592111 -0.06293130796868349 -0.06219664179212952 
0.964 -0.07218751545329762 -0.06834293536038899 -0.0643110052718058 -0.06361297310508028 
0.965 -0.07336749051653109 -0.06960865035049695 -0.06565937977586708 -0.0649975914403266 
0.966 -0.07451834305094257 -0.0708439548975622 -0.06697607017030986 -0.06635012726241296 
0.967 -0.07563975335585528 -0.07204850684354841 -0.06826071253136412 -0.0676702083915578 
0.968 -0.07673139923255883 -0.07322196145384409 -0.06951294029547994 -0.06895745997717707 
0.969 -0.07779295595634074 -0.07436397138974779 -0.07073238423235666 -0.07021150447110247 
0.97 -0.07882409624825727 -0.07547418668067658 -0.0719186724177799 -0.071431961600409 
0.971 -0.07982449024665036 -0.0765522546960905 -0.07307143020605934 -0.07261844833998639 
0.972 -0.08079380547841954 -0.07759782011714221 -0.0741902802021806 -0.07377057888475966 
0.973 -0.08173170683005057 -0.07861052490805862 -0.07527484223372231 -0.07488796462158358 
0.974 -0.08263785651840798 -0.07959000828725511 -0.07632473332237492 -0.07597021410085733 
0.975 -0.08351191406130201 -0.08053590669818905 -0.07733956765526986 -0.07701693300779446 
0.976 -0.08435353624782858 -0.08144785377996078 -0.0783189565559225 -0.07802772413339575 
0.977 -0.08516237710850036 -0.0823254803376664 -0.07926250845499162 -0.07900218734513158 
0.978 -0.08593808788516737 -0.0831684143125074 -0.08016982886067907 -0.07993991955732635 
0.979 -0.08668031700074443 -0.08397628075166982 -0.08104052032890786 -0.08084051470125726 
0.98 -0.08738871002874572 -0.08474870177797586 -0.08187418243323756 -0.0817035636949478 
0.981 -0.08806290966264424 -0.08548529655931601 -0.0826704117344917 -0.08252865441267562 
0.982 -0.08870255568506065 -0.08618568127787837 -0.08342880175017894 -0.08331537165427197 
0.983 -0.08930728493679219 -0.08684946909916764 -0.0841489429235993 -0.08406329711406131 
0.984 -0.08987673128569966 -0.0874762701408459 -0.08483042259282829 -0.08477200934969735 
0.985 -0.0904105255954536 -0.08806569144138773 -0.08547282495937028 -0.08544108375046866 
0.986 -0.0909082956941615 -0.08861733692856376 -0.08607573105666858 -0.08607009250579539 
0.987 -0.09136966634288089 -0.08913080738777533 -0.08663871871837929 -0.08665860457303098 
0.988 -0.09179425920403779 -0.08960570043023508 -0.08716136254644573 -0.0872061856453896 
0.989 -0.09218169280976102 -0.09004161046101775 -0.08764323387901193 -0.08771239811949022 
0.99 -0.09253158253014684 -0.0904381286469909 -0.08808390075816992 -0.08817680106280439 
0.991 -0.09284354054147002 -0.09079484288463882 -0.08848292789749841 -0.08859895018078619 
0.992 -0.09311717579435662 -0.09111133776779294 -0.08883987664952071 -0.08897839778401559 
0.993 -0.09335209398193246 -0.09138719455527991 -0.08915430497296688 -0.08931469275496315 
0.994 -0.09354789750796641 -0.09162199113851353 -0.08942576739996831 -0.08960738051479175 
0.995 -0.09370418545502364 -0.09181530200903054 -0.08965381500311005 -0.08985600298993016 
0.996 -0.09382055355264791 -0.09196669822600081 -0.08983799536239243 -0.09006009857850551 
0.997 -0.09389659414558896 -0.09207574738371449 -0.08997785253215324 -0.09021920211678773 
0.998 -0.0939318961620947 -0.09214201357907709 -0.0900729270078586 -0.09033284484536948 
0.999 -0.0939260450822874 -0.09216505737911497 -0.09012275569292158 -0.09040055437543894 
1.0 -0.09387862290664342 -0.09214443578852716 -0.0901268718654323 -0.09042185465479897 
